12 symmetries
4 dimensions
                                   1 [cart.]                                  
------------------------------------------------------------------------------
      1.0000000000        0.0000000000        0.0000000000        0.0000000000
      0.0000000000        1.0000000000        0.0000000000        0.0000000000
      0.0000000000        0.0000000000        1.0000000000        0.0000000000
      0.0000000000        0.0000000000        0.0000000000        1.0000000000
                                   2 [cart.]                                  
------------------------------------------------------------------------------
     -1.0000000000        0.0000000000        0.0000000000        0.0000000000
      0.0000000000       -1.0000000000        0.0000000000        0.0000000000
      0.0000000000        0.0000000000        1.0000000000        3.6628860000
      0.0000000000        0.0000000000        0.0000000000        1.0000000000
                                   3 [cart.]                                  
------------------------------------------------------------------------------
     -0.5000000000        0.8660254240        0.0000000000        0.0000000000
     -0.8660253835       -0.5000000000        0.0000000000        0.0000000000
      0.0000000000        0.0000000000        1.0000000000        0.0000000000
      0.0000000000        0.0000000000        0.0000000000        1.0000000000
                                   4 [cart.]                                  
------------------------------------------------------------------------------
     -0.5000000000       -0.8660254240        0.0000000000        0.0000000000
      0.8660253835       -0.5000000000        0.0000000000        0.0000000000
      0.0000000000        0.0000000000        1.0000000000        0.0000000000
      0.0000000000        0.0000000000        0.0000000000        1.0000000000
                                   5 [cart.]                                  
------------------------------------------------------------------------------
      0.5000000000        0.8660254240        0.0000000000        0.0000000000
     -0.8660253835        0.5000000000        0.0000000000        0.0000000000
      0.0000000000        0.0000000000        1.0000000000        3.6628860000
      0.0000000000        0.0000000000        0.0000000000        1.0000000000
                                   6 [cart.]                                  
------------------------------------------------------------------------------
      0.5000000000       -0.8660254240        0.0000000000        0.0000000000
      0.8660253835        0.5000000000        0.0000000000        0.0000000000
      0.0000000000        0.0000000000        1.0000000000        3.6628860000
      0.0000000000        0.0000000000        0.0000000000        1.0000000000
                                   7 [cart.]                                  
------------------------------------------------------------------------------
     -1.0000000000        0.0000000000        0.0000000000        0.0000000000
      0.0000000000       -1.0000000000        0.0000000000        0.0000000000
      0.0000000000        0.0000000000       -1.0000000000        0.0000000000
      0.0000000000        0.0000000000        0.0000000000        1.0000000000
                                   8 [cart.]                                  
------------------------------------------------------------------------------
      1.0000000000        0.0000000000        0.0000000000        0.0000000000
      0.0000000000        1.0000000000        0.0000000000        0.0000000000
      0.0000000000        0.0000000000       -1.0000000000        3.6628860000
      0.0000000000        0.0000000000        0.0000000000        1.0000000000
                                   9 [cart.]                                  
------------------------------------------------------------------------------
      0.5000000000        0.8660254240        0.0000000000        0.0000000000
     -0.8660253835        0.5000000000        0.0000000000        0.0000000000
      0.0000000000        0.0000000000       -1.0000000000        0.0000000000
      0.0000000000        0.0000000000        0.0000000000        1.0000000000
                                  10 [cart.]                                  
------------------------------------------------------------------------------
      0.5000000000       -0.8660254240        0.0000000000        0.0000000000
      0.8660253835        0.5000000000        0.0000000000        0.0000000000
      0.0000000000        0.0000000000       -1.0000000000        0.0000000000
      0.0000000000        0.0000000000        0.0000000000        1.0000000000
                                  11 [cart.]                                  
------------------------------------------------------------------------------
     -0.5000000000        0.8660254240        0.0000000000        0.0000000000
     -0.8660253835       -0.5000000000        0.0000000000        0.0000000000
      0.0000000000        0.0000000000       -1.0000000000        3.6628860000
      0.0000000000        0.0000000000        0.0000000000        1.0000000000
                                  12 [cart.]                                  
------------------------------------------------------------------------------
     -0.5000000000       -0.8660254240        0.0000000000        0.0000000000
      0.8660253835       -0.5000000000        0.0000000000        0.0000000000
      0.0000000000        0.0000000000       -1.0000000000        3.6628860000
      0.0000000000        0.0000000000        0.0000000000        1.0000000000
                                   1 [frac.]                                  
------------------------------------------------------------------------------
      1.0000000000        0.0000000000        0.0000000000        0.0000000000
      0.0000000000        1.0000000000        0.0000000000        0.0000000000
      0.0000000000        0.0000000000        1.0000000000        0.0000000000
      0.0000000000        0.0000000000        0.0000000000        1.0000000000
                                   2 [frac.]                                  
------------------------------------------------------------------------------
      1.0000000000        0.0000000000        0.0000000000        0.5000000000
      0.0000000000       -1.0000000000        0.0000000000        0.0000000000
      0.0000000000        0.0000000000       -1.0000000000        0.0000000000
      0.0000000000        0.0000000000        0.0000000000        1.0000000000
                                   3 [frac.]                                  
------------------------------------------------------------------------------
      1.0000000000        0.0000000000        0.0000000000        0.0000000000
      0.0000000000       -1.0000000000        1.0000000000        0.0000000000
      0.0000000000       -1.0000000000        0.0000000000        0.0000000000
      0.0000000000        0.0000000000        0.0000000000        1.0000000000
                                   4 [frac.]                                  
------------------------------------------------------------------------------
      1.0000000000        0.0000000000        0.0000000000        0.0000000000
      0.0000000000        0.0000000000       -1.0000000000        0.0000000000
      0.0000000000        1.0000000000       -1.0000000000        0.0000000000
      0.0000000000        0.0000000000        0.0000000000        1.0000000000
                                   5 [frac.]                                  
------------------------------------------------------------------------------
      1.0000000000        0.0000000000        0.0000000000        0.5000000000
      0.0000000000        0.0000000000        1.0000000000        0.0000000000
      0.0000000000       -1.0000000000        1.0000000000        0.0000000000
      0.0000000000        0.0000000000        0.0000000000        1.0000000000
                                   6 [frac.]                                  
------------------------------------------------------------------------------
      1.0000000000        0.0000000000        0.0000000000        0.5000000000
      0.0000000000        1.0000000000       -1.0000000000        0.0000000000
      0.0000000000        1.0000000000        0.0000000000        0.0000000000
      0.0000000000        0.0000000000        0.0000000000        1.0000000000
                                   7 [frac.]                                  
------------------------------------------------------------------------------
     -1.0000000000        0.0000000000        0.0000000000        0.0000000000
      0.0000000000       -1.0000000000        0.0000000000        0.0000000000
      0.0000000000        0.0000000000       -1.0000000000        0.0000000000
      0.0000000000        0.0000000000        0.0000000000        1.0000000000
                                   8 [frac.]                                  
------------------------------------------------------------------------------
     -1.0000000000        0.0000000000        0.0000000000        0.5000000000
      0.0000000000        1.0000000000        0.0000000000        0.0000000000
      0.0000000000        0.0000000000        1.0000000000        0.0000000000
      0.0000000000        0.0000000000        0.0000000000        1.0000000000
                                   9 [frac.]                                  
------------------------------------------------------------------------------
     -1.0000000000        0.0000000000        0.0000000000        0.0000000000
      0.0000000000        0.0000000000        1.0000000000        0.0000000000
      0.0000000000       -1.0000000000        1.0000000000        0.0000000000
      0.0000000000        0.0000000000        0.0000000000        1.0000000000
                                  10 [frac.]                                  
------------------------------------------------------------------------------
     -1.0000000000        0.0000000000        0.0000000000        0.0000000000
      0.0000000000        1.0000000000       -1.0000000000        0.0000000000
      0.0000000000        1.0000000000        0.0000000000        0.0000000000
      0.0000000000        0.0000000000        0.0000000000        1.0000000000
                                  11 [frac.]                                  
------------------------------------------------------------------------------
     -1.0000000000        0.0000000000        0.0000000000        0.5000000000
      0.0000000000       -1.0000000000        1.0000000000        0.0000000000
      0.0000000000       -1.0000000000        0.0000000000        0.0000000000
      0.0000000000        0.0000000000        0.0000000000        1.0000000000
                                  12 [frac.]                                  
------------------------------------------------------------------------------
     -1.0000000000        0.0000000000        0.0000000000        0.5000000000
      0.0000000000        0.0000000000       -1.0000000000        0.0000000000
      0.0000000000        1.0000000000       -1.0000000000        0.0000000000
      0.0000000000        0.0000000000        0.0000000000        1.0000000000
