function [a] = getV4(v)
a(1,1) = v(1);
a(1,3) = v(2);
a(2,3) = v(3);
a(3,3) = v(4);
a(1,4) = v(5);
a(3,4) = v(6);
a(4,4) = v(7);
a(1,6) = v(8);
a(3,6) = v(9);
a(4,6) = v(10);
a(6,6) = v(11);
a(1,7) = v(12);
a(2,7) = v(13);
a(3,7) = v(14);
a(4,7) = v(15);
a(5,7) = v(16);
a(6,7) = v(17);
a(7,7) = v(18);
a(1,9) = v(19);
a(2,9) = v(20);
a(3,9) = v(21);
a(4,9) = v(22);
a(5,9) = v(23);
a(6,9) = v(24);
a(7,9) = v(25);
a(8,9) = v(26);
a(9,9) = v(27);
a(1,12) = v(28);
a(2,12) = v(29);
a(3,12) = v(30);
a(4,12) = v(31);
a(5,12) = v(32);
a(6,12) = v(33);
a(7,12) = v(34);
a(8,12) = v(35);
a(9,12) = v(36);
a(11,12) = v(37);
a(12,12) = v(38);
a(1,13) = v(39);
a(2,13) = v(40);
a(3,13) = v(41);
a(4,13) = v(42);
a(5,13) = v(43);
a(6,13) = v(44);
a(7,13) = v(45);
a(8,13) = v(46);
a(9,13) = v(47);
a(10,13) = v(48);
a(11,13) = v(49);
a(12,13) = v(50);
a(13,13) = v(51);
a(1,15) = v(52);
a(3,15) = v(53);
a(4,15) = v(54);
a(6,15) = v(55);
a(7,15) = v(56);
a(9,15) = v(57);
a(12,15) = v(58);
a(13,15) = v(59);
a(15,15) = v(60);
a(1,16) = v(61);
a(2,16) = v(62);
a(3,16) = v(63);
a(4,16) = v(64);
a(5,16) = v(65);
a(6,16) = v(66);
a(7,16) = v(67);
a(8,16) = v(68);
a(9,16) = v(69);
a(10,16) = v(70);
a(11,16) = v(71);
a(12,16) = v(72);
a(13,16) = v(73);
a(14,16) = v(74);
a(15,16) = v(75);
a(16,16) = v(76);
a(2,1) = -1.00000*a(1,3);
a(3,1) = -1.00000*a(1,3);
a(4,1) = -1.00000*a(1,4);
a(5,1) = +1.73205*a(1,7);
a(6,1) = +1.00000*a(1,6);
a(7,1) = +1.00000*a(1,7);
a(8,1) = +1.00000*a(1,9);
a(9,1) = +1.00000*a(1,9);
a(10,1) = -0.77460*a(1,12);-1.26491*a(1,13);
a(11,1) = -1.26491*a(1,12);-0.77460*a(1,13);
a(12,1) = -1.00000*a(1,12);
a(13,1) = -1.00000*a(1,13);
a(14,1) = -0.77460*a(1,16);
a(15,1) = -1.00000*a(1,15);
a(16,1) = -1.00000*a(1,16);
a(1,2) = +1.00000*a(1,3);
a(2,2) = +1.00000*a(3,3);
a(3,2) = +1.00000*a(2,3);
a(4,2) = +1.00000*a(3,4);
a(5,2) = -0.57735*a(2,7);-1.15470*a(3,7);
a(6,2) = -1.00000*a(3,6);
a(7,2) = -1.00000*a(2,7);
a(8,2) = -1.00000*a(3,9);
a(9,2) = -1.00000*a(2,9);
a(10,2) = +0.77460*a(2,12);+1.26491*a(3,13);
a(11,2) = +1.26491*a(3,12);+0.77460*a(2,13);
a(12,2) = +1.00000*a(2,12);
a(13,2) = +1.00000*a(2,13);
a(14,2) = -0.25820*a(2,16);+1.03280*a(3,16);
a(15,2) = +1.00000*a(3,15);
a(16,2) = +1.00000*a(2,16);
a(4,3) = +1.00000*a(3,4);
a(5,3) = -1.15470*a(2,7);-0.57735*a(3,7);
a(6,3) = -1.00000*a(3,6);
a(7,3) = -1.00000*a(3,7);
a(8,3) = -1.00000*a(2,9);
a(9,3) = -1.00000*a(3,9);
a(10,3) = +0.77460*a(3,12);+1.26491*a(2,13);
a(11,3) = +1.26491*a(2,12);+0.77460*a(3,13);
a(12,3) = +1.00000*a(3,12);
a(13,3) = +1.00000*a(3,13);
a(14,3) = +1.03280*a(2,16);-0.25820*a(3,16);
a(15,3) = +1.00000*a(3,15);
a(16,3) = +1.00000*a(3,16);
a(2,4) = +1.00000*a(3,4);
a(5,4) = -1.73205*a(4,7);
a(6,4) = -1.00000*a(4,6);
a(7,4) = -1.00000*a(4,7);
a(8,4) = -1.00000*a(4,9);
a(9,4) = -1.00000*a(4,9);
a(10,4) = +0.77460*a(4,12);+1.26491*a(4,13);
a(11,4) = +1.26491*a(4,12);+0.77460*a(4,13);
a(12,4) = +1.00000*a(4,12);
a(13,4) = +1.00000*a(4,13);
a(14,4) = +0.77460*a(4,16);
a(15,4) = +1.00000*a(4,15);
a(16,4) = +1.00000*a(4,16);
a(1,5) = +1.73205*a(1,7);
a(2,5) = +0.57735*a(2,7);+1.15470*a(3,7);
a(3,5) = +1.15470*a(2,7);+0.57735*a(3,7);
a(4,5) = +1.73205*a(4,7);
a(5,5) = +1.15470*a(5,7);+1.00000*a(7,7);
a(6,5) = +1.73205*a(6,7);
a(7,5) = +1.00000*a(5,7);
a(8,5) = +0.50000*a(5,9);+0.86603*a(7,9);
a(9,5) = +1.00000*a(5,9);
a(10,5) = -0.77460*a(5,12);-0.63246*a(5,13);-1.09545*a(7,13);
a(11,5) = -0.63246*a(5,12);-1.09545*a(7,12);-0.77460*a(5,13);
a(12,5) = -1.00000*a(5,12);
a(13,5) = -1.00000*a(5,13);
a(14,5) = -0.25820*a(5,16);-0.89443*a(7,16);
a(15,5) = -1.73205*a(7,15);
a(16,5) = -1.00000*a(5,16);
a(2,6) = +1.00000*a(3,6);
a(5,6) = +1.73205*a(6,7);
a(7,6) = +1.00000*a(6,7);
a(8,6) = +1.00000*a(6,9);
a(9,6) = +1.00000*a(6,9);
a(10,6) = -0.77460*a(6,12);-1.26491*a(6,13);
a(11,6) = -1.26491*a(6,12);-0.77460*a(6,13);
a(12,6) = -1.00000*a(6,12);
a(13,6) = -1.00000*a(6,13);
a(14,6) = -0.77460*a(6,16);
a(15,6) = -1.00000*a(6,15);
a(16,6) = -1.00000*a(6,16);
a(8,7) = +0.86603*a(5,9);-0.50000*a(7,9);
a(9,7) = +1.00000*a(7,9);
a(10,7) = -0.77460*a(7,12);-1.09545*a(5,13);+0.63246*a(7,13);
a(11,7) = -1.09545*a(5,12);+0.63246*a(7,12);-0.77460*a(7,13);
a(12,7) = -1.00000*a(7,12);
a(13,7) = -1.00000*a(7,13);
a(14,7) = -0.89443*a(5,16);+0.77460*a(7,16);
a(15,7) = -1.00000*a(7,15);
a(16,7) = -1.00000*a(7,16);
a(1,8) = +1.00000*a(1,9);
a(2,8) = +1.00000*a(3,9);
a(3,8) = +1.00000*a(2,9);
a(4,8) = +1.00000*a(4,9);
a(5,8) = +0.50000*a(5,9);+0.86603*a(7,9);
a(6,8) = +1.00000*a(6,9);
a(7,8) = +0.86603*a(5,9);-0.50000*a(7,9);
a(8,8) = +1.00000*a(9,9);
a(9,8) = +1.00000*a(8,9);
a(10,8) = -0.77460*a(8,12);-1.26491*a(9,13);
a(11,8) = -1.26491*a(9,12);-0.77460*a(8,13);
a(12,8) = -1.00000*a(8,12);
a(13,8) = -1.00000*a(8,13);
a(14,8) = +0.25820*a(8,16);-1.03280*a(9,16);
a(15,8) = -1.00000*a(9,15);
a(16,8) = -1.00000*a(8,16);
a(10,9) = -0.77460*a(9,12);-1.26491*a(8,13);
a(11,9) = -1.26491*a(8,12);-0.77460*a(9,13);
a(12,9) = -1.00000*a(9,12);
a(13,9) = -1.00000*a(9,13);
a(14,9) = -1.03280*a(8,16);+0.25820*a(9,16);
a(15,9) = -1.00000*a(9,15);
a(16,9) = -1.00000*a(9,16);
a(1,10) = +0.77460*a(1,12);+1.26491*a(1,13);
a(2,10) = +0.77460*a(2,12);+1.26491*a(3,13);
a(3,10) = +0.77460*a(3,12);+1.26491*a(2,13);
a(4,10) = +0.77460*a(4,12);+1.26491*a(4,13);
a(5,10) = +0.77460*a(5,12);+0.63246*a(5,13);+1.09545*a(7,13);
a(6,10) = +0.77460*a(6,12);+1.26491*a(6,13);
a(7,10) = +0.77460*a(7,12);+1.09545*a(5,13);-0.63246*a(7,13);
a(8,10) = +0.77460*a(8,12);+1.26491*a(9,13);
a(9,10) = +0.77460*a(9,12);+1.26491*a(8,13);
a(10,10) = +0.60000*a(12,12);+1.54919*a(11,13);+0.40000*a(13,13);
a(11,10) = +0.77460*a(11,12);+0.77460*a(10,13);+1.00000*a(12,13);
a(12,10) = +0.77460*a(12,12);+1.00000*a(11,13);-0.77460*a(13,13);
a(13,10) = +1.00000*a(10,13);
a(14,10) = -0.25820*a(10,16);+0.63246*a(11,16);+0.81650*a(13,16);
a(15,10) = +0.77460*a(12,15);+1.26491*a(13,15);
a(16,10) = +1.00000*a(10,16);
a(1,11) = +1.26491*a(1,12);+0.77460*a(1,13);
a(2,11) = +1.26491*a(3,12);+0.77460*a(2,13);
a(3,11) = +1.26491*a(2,12);+0.77460*a(3,13);
a(4,11) = +1.26491*a(4,12);+0.77460*a(4,13);
a(5,11) = +0.63246*a(5,12);+1.09545*a(7,12);+0.77460*a(5,13);
a(6,11) = +1.26491*a(6,12);+0.77460*a(6,13);
a(7,11) = +1.09545*a(5,12);-0.63246*a(7,12);+0.77460*a(7,13);
a(8,11) = +1.26491*a(9,12);+0.77460*a(8,13);
a(9,11) = +1.26491*a(8,12);+0.77460*a(9,13);
a(10,11) = +0.77460*a(11,12);+0.77460*a(10,13);+1.00000*a(12,13);
a(11,11) = +1.60000*a(12,12);+1.54919*a(11,13);-0.60000*a(13,13);
a(12,11) = +1.00000*a(11,12);
a(13,11) = +1.00000*a(11,13);
a(14,11) = +0.63246*a(10,16);-0.25820*a(11,16);+0.81650*a(12,16);
a(15,11) = +1.26491*a(12,15);+0.77460*a(13,15);
a(16,11) = +1.00000*a(11,16);
a(10,12) = +0.77460*a(12,12);+1.00000*a(11,13);-0.77460*a(13,13);
a(13,12) = +1.00000*a(12,13);
a(14,12) = +0.81650*a(11,16);-0.25820*a(12,16);-0.63246*a(13,16);
a(15,12) = +1.00000*a(12,15);
a(16,12) = +1.00000*a(12,16);
a(14,13) = +0.81650*a(10,16);-0.63246*a(12,16);-0.25820*a(13,16);
a(15,13) = +1.00000*a(13,15);
a(16,13) = +1.00000*a(13,16);
a(1,14) = +0.77460*a(1,16);
a(2,14) = -0.25820*a(2,16);+1.03280*a(3,16);
a(3,14) = +1.03280*a(2,16);-0.25820*a(3,16);
a(4,14) = +0.77460*a(4,16);
a(5,14) = +0.25820*a(5,16);+0.89443*a(7,16);
a(6,14) = +0.77460*a(6,16);
a(7,14) = +0.89443*a(5,16);-0.77460*a(7,16);
a(8,14) = -0.25820*a(8,16);+1.03280*a(9,16);
a(9,14) = +1.03280*a(8,16);-0.25820*a(9,16);
a(10,14) = -0.25820*a(10,16);+0.63246*a(11,16);+0.81650*a(13,16);
a(11,14) = +0.63246*a(10,16);-0.25820*a(11,16);+0.81650*a(12,16);
a(12,14) = +0.81650*a(11,16);-0.25820*a(12,16);-0.63246*a(13,16);
a(13,14) = +0.81650*a(10,16);-0.63246*a(12,16);-0.25820*a(13,16);
a(14,14) = -0.51640*a(14,16);+1.00000*a(16,16);
a(15,14) = +0.77460*a(15,16);
a(16,14) = +1.00000*a(14,16);
a(2,15) = +1.00000*a(3,15);
a(5,15) = +1.73205*a(7,15);
a(8,15) = +1.00000*a(9,15);
a(10,15) = +0.77460*a(12,15);+1.26491*a(13,15);
a(11,15) = +1.26491*a(12,15);+0.77460*a(13,15);
a(14,15) = +0.77460*a(15,16);
a(16,15) = +1.00000*a(15,16);
end
