function [a] = getV3(v)
a(1,1) = v(1);
a(3,3) = v(2);
a(1,4) = v(3);
a(4,4) = v(4);
a(6,6) = v(5);
a(1,7) = v(6);
a(4,7) = v(7);
a(5,7) = v(8);
a(7,7) = v(9);
a(2,9) = v(10);
a(9,9) = v(11);
a(2,12) = v(12);
a(9,12) = v(13);
a(12,12) = v(14);
a(3,13) = v(15);
a(8,13) = v(16);
a(11,13) = v(17);
a(13,13) = v(18);
a(6,15) = v(19);
a(15,15) = v(20);
a(1,16) = v(21);
a(4,16) = v(22);
a(5,16) = v(23);
a(7,16) = v(24);
a(14,16) = v(25);
a(16,16) = v(26);
a(4,1) = -1.00000*a(1,4);
a(5,1) = +1.73205*a(1,7);
a(7,1) = +1.00000*a(1,7);
a(14,1) = -0.77460*a(1,16);
a(16,1) = -1.00000*a(1,16);
a(2,2) = +1.00000*a(3,3);
a(9,2) = -1.00000*a(2,9);
a(10,2) = +0.77460*a(2,12);+1.26491*a(3,13);
a(12,2) = +1.00000*a(2,12);
a(8,3) = -1.00000*a(2,9);
a(11,3) = +1.26491*a(2,12);+0.77460*a(3,13);
a(13,3) = +1.00000*a(3,13);
a(5,4) = -1.73205*a(4,7);
a(7,4) = -1.00000*a(4,7);
a(14,4) = +0.77460*a(4,16);
a(16,4) = +1.00000*a(4,16);
a(1,5) = +1.73205*a(1,7);
a(4,5) = +1.73205*a(4,7);
a(5,5) = +1.15470*a(5,7);+1.00000*a(7,7);
a(7,5) = +1.00000*a(5,7);
a(14,5) = -0.25820*a(5,16);-0.89443*a(7,16);
a(16,5) = -1.00000*a(5,16);
a(15,6) = -1.00000*a(6,15);
a(14,7) = -0.89443*a(5,16);+0.77460*a(7,16);
a(16,7) = -1.00000*a(7,16);
a(3,8) = +1.00000*a(2,9);
a(8,8) = +1.00000*a(9,9);
a(11,8) = -1.26491*a(9,12);-0.77460*a(8,13);
a(13,8) = -1.00000*a(8,13);
a(10,9) = -0.77460*a(9,12);-1.26491*a(8,13);
a(12,9) = -1.00000*a(9,12);
a(2,10) = +0.77460*a(2,12);+1.26491*a(3,13);
a(9,10) = +0.77460*a(9,12);+1.26491*a(8,13);
a(10,10) = +0.60000*a(12,12);+1.54919*a(11,13);+0.40000*a(13,13);
a(12,10) = +0.77460*a(12,12);+1.00000*a(11,13);-0.77460*a(13,13);
a(3,11) = +1.26491*a(2,12);+0.77460*a(3,13);
a(8,11) = +1.26491*a(9,12);+0.77460*a(8,13);
a(11,11) = +1.60000*a(12,12);+1.54919*a(11,13);-0.60000*a(13,13);
a(13,11) = +1.00000*a(11,13);
a(10,12) = +0.77460*a(12,12);+1.00000*a(11,13);-0.77460*a(13,13);
a(1,14) = +0.77460*a(1,16);
a(4,14) = +0.77460*a(4,16);
a(5,14) = +0.25820*a(5,16);+0.89443*a(7,16);
a(7,14) = +0.89443*a(5,16);-0.77460*a(7,16);
a(14,14) = -0.51640*a(14,16);+1.00000*a(16,16);
a(16,14) = +1.00000*a(14,16);
a(2,1) = 0;
a(3,1) = 0;
a(6,1) = 0;
a(8,1) = 0;
a(9,1) = 0;
a(10,1) = 0;
a(11,1) = 0;
a(12,1) = 0;
a(13,1) = 0;
a(15,1) = 0;
a(1,2) = 0;
a(3,2) = 0;
a(4,2) = 0;
a(5,2) = 0;
a(6,2) = 0;
a(7,2) = 0;
a(8,2) = 0;
a(11,2) = 0;
a(13,2) = 0;
a(14,2) = 0;
a(15,2) = 0;
a(16,2) = 0;
a(1,3) = 0;
a(2,3) = 0;
a(4,3) = 0;
a(5,3) = 0;
a(6,3) = 0;
a(7,3) = 0;
a(9,3) = 0;
a(10,3) = 0;
a(12,3) = 0;
a(14,3) = 0;
a(15,3) = 0;
a(16,3) = 0;
a(2,4) = 0;
a(3,4) = 0;
a(6,4) = 0;
a(8,4) = 0;
a(9,4) = 0;
a(10,4) = 0;
a(11,4) = 0;
a(12,4) = 0;
a(13,4) = 0;
a(15,4) = 0;
a(2,5) = 0;
a(3,5) = 0;
a(6,5) = 0;
a(8,5) = 0;
a(9,5) = 0;
a(10,5) = 0;
a(11,5) = 0;
a(12,5) = 0;
a(13,5) = 0;
a(15,5) = 0;
a(1,6) = 0;
a(2,6) = 0;
a(3,6) = 0;
a(4,6) = 0;
a(5,6) = 0;
a(7,6) = 0;
a(8,6) = 0;
a(9,6) = 0;
a(10,6) = 0;
a(11,6) = 0;
a(12,6) = 0;
a(13,6) = 0;
a(14,6) = 0;
a(16,6) = 0;
a(2,7) = 0;
a(3,7) = 0;
a(6,7) = 0;
a(8,7) = 0;
a(9,7) = 0;
a(10,7) = 0;
a(11,7) = 0;
a(12,7) = 0;
a(13,7) = 0;
a(15,7) = 0;
a(1,8) = 0;
a(2,8) = 0;
a(4,8) = 0;
a(5,8) = 0;
a(6,8) = 0;
a(7,8) = 0;
a(9,8) = 0;
a(10,8) = 0;
a(12,8) = 0;
a(14,8) = 0;
a(15,8) = 0;
a(16,8) = 0;
a(1,9) = 0;
a(3,9) = 0;
a(4,9) = 0;
a(5,9) = 0;
a(6,9) = 0;
a(7,9) = 0;
a(8,9) = 0;
a(11,9) = 0;
a(13,9) = 0;
a(14,9) = 0;
a(15,9) = 0;
a(16,9) = 0;
a(1,10) = 0;
a(3,10) = 0;
a(4,10) = 0;
a(5,10) = 0;
a(6,10) = 0;
a(7,10) = 0;
a(8,10) = 0;
a(11,10) = 0;
a(13,10) = 0;
a(14,10) = 0;
a(15,10) = 0;
a(16,10) = 0;
a(1,11) = 0;
a(2,11) = 0;
a(4,11) = 0;
a(5,11) = 0;
a(6,11) = 0;
a(7,11) = 0;
a(9,11) = 0;
a(10,11) = 0;
a(12,11) = 0;
a(14,11) = 0;
a(15,11) = 0;
a(16,11) = 0;
a(1,12) = 0;
a(3,12) = 0;
a(4,12) = 0;
a(5,12) = 0;
a(6,12) = 0;
a(7,12) = 0;
a(8,12) = 0;
a(11,12) = 0;
a(13,12) = 0;
a(14,12) = 0;
a(15,12) = 0;
a(16,12) = 0;
a(1,13) = 0;
a(2,13) = 0;
a(4,13) = 0;
a(5,13) = 0;
a(6,13) = 0;
a(7,13) = 0;
a(9,13) = 0;
a(10,13) = 0;
a(12,13) = 0;
a(14,13) = 0;
a(15,13) = 0;
a(16,13) = 0;
a(2,14) = 0;
a(3,14) = 0;
a(6,14) = 0;
a(8,14) = 0;
a(9,14) = 0;
a(10,14) = 0;
a(11,14) = 0;
a(12,14) = 0;
a(13,14) = 0;
a(15,14) = 0;
a(1,15) = 0;
a(2,15) = 0;
a(3,15) = 0;
a(4,15) = 0;
a(5,15) = 0;
a(7,15) = 0;
a(8,15) = 0;
a(9,15) = 0;
a(10,15) = 0;
a(11,15) = 0;
a(12,15) = 0;
a(13,15) = 0;
a(14,15) = 0;
a(16,15) = 0;
a(2,16) = 0;
a(3,16) = 0;
a(6,16) = 0;
a(8,16) = 0;
a(9,16) = 0;
a(10,16) = 0;
a(11,16) = 0;
a(12,16) = 0;
a(13,16) = 0;
a(15,16) = 0;
end
