4 primitive shells
1 subregion start
16 subregion end
==============================================================================================================================================================
                                                                           1 shell                                                                            
1 primitive m
1 primitive n
1 atoms in shell
                                                                                                                                                0.00000 0.00000 0.00000 [cart.]                                                                                                                                               
      1.0000000000        0.0000000000        0.0000000000        0.0000000000        0.0000000000        0.0000000000        0.0000000000        0.0000000000        0.0000000000        0.0000000000        0.0000000000        0.0000000000        0.0000000000        0.0000000000        0.0000000000        0.0000000000
      0.0000000000        2.0000000000        0.0000000000        0.0000000000        0.0000000000        0.0000000000        0.0000000000        0.0000000000        0.0000000000       -6.0000000000        0.0000000000        4.6475800154        0.0000000000        0.0000000000        0.0000000000        0.0000000000
      0.0000000000        0.0000000000        2.0000000000        0.0000000000        0.0000000000        0.0000000000        0.0000000000        0.0000000000        0.0000000000        0.0000000000        0.0000000000        0.0000000000       -7.5894663844        0.0000000000        0.0000000000        0.0000000000
      0.0000000000        0.0000000000        0.0000000000        2.0000000000        0.0000000000        0.0000000000        0.0000000000        0.0000000000        0.0000000000        0.0000000000        0.0000000000        0.0000000000        0.0000000000        4.6475800154        0.0000000000        6.0000000000
      0.0000000000        0.0000000000        0.0000000000        0.0000000000        3.0000000000        0.0000000000        0.0000000000        0.0000000000        0.0000000000        0.0000000000        0.0000000000        0.0000000000        0.0000000000        0.0000000000        0.0000000000        0.0000000000
      0.0000000000        0.0000000000        0.0000000000        0.0000000000        0.0000000000        4.0000000000        0.0000000000        0.0000000000        0.0000000000        0.0000000000        0.0000000000        0.0000000000        0.0000000000        0.0000000000        0.0000000000        0.0000000000
      0.0000000000        0.0000000000        0.0000000000        0.0000000000        0.0000000000        0.0000000000        3.0000000000        0.0000000000        0.0000000000        0.0000000000        0.0000000000        0.0000000000        0.0000000000        0.0000000000        0.0000000000        0.0000000000
      0.0000000000        0.0000000000        0.0000000000        0.0000000000        0.0000000000        0.0000000000        0.0000000000        4.0000000000        0.0000000000        0.0000000000        0.0000000000        0.0000000000        0.0000000000        0.0000000000        0.0000000000        0.0000000000
      0.0000000000        0.0000000000        0.0000000000        0.0000000000        0.0000000000        0.0000000000        0.0000000000        0.0000000000        4.0000000000        0.0000000000        0.0000000000        0.0000000000        0.0000000000        0.0000000000        0.0000000000        0.0000000000
      0.0000000000       -6.0000000000        0.0000000000        0.0000000000        0.0000000000        0.0000000000        0.0000000000        0.0000000000        0.0000000000        8.0000000000        0.0000000000       -7.0000000000        0.0000000000        0.0000000000        0.0000000000        0.0000000000
      0.0000000000        0.0000000000        0.0000000000        0.0000000000        0.0000000000        0.0000000000        0.0000000000        0.0000000000        0.0000000000        0.0000000000       -1.0369611411        0.0000000000        0.0000000000        0.0000000000        0.0000000000        0.0000000000
      0.0000000000        4.6475800154        0.0000000000        0.0000000000        0.0000000000        0.0000000000        0.0000000000        0.0000000000        0.0000000000       -7.0000000000        0.0000000000        4.3852155435        0.0000000000        0.0000000000        0.0000000000        0.0000000000
      0.0000000000        0.0000000000       -7.5894663844        0.0000000000        0.0000000000        0.0000000000        0.0000000000        0.0000000000        0.0000000000        0.0000000000        0.0000000000        0.0000000000       13.4221766847        0.0000000000        0.0000000000        0.0000000000
      0.0000000000        0.0000000000        0.0000000000        4.6475800154        0.0000000000        0.0000000000        0.0000000000        0.0000000000        0.0000000000        0.0000000000        0.0000000000        0.0000000000        0.0000000000        4.3852155435        0.0000000000        7.0000000000
      0.0000000000        0.0000000000        0.0000000000        0.0000000000        0.0000000000        0.0000000000        0.0000000000        0.0000000000        0.0000000000        0.0000000000        0.0000000000        0.0000000000        0.0000000000        0.0000000000        5.0000000000        0.0000000000
      0.0000000000        0.0000000000        0.0000000000        6.0000000000        0.0000000000        0.0000000000        0.0000000000        0.0000000000        0.0000000000        0.0000000000        0.0000000000        0.0000000000        0.0000000000        7.0000000000        0.0000000000        8.0000000000
==============================================================================================================================================================
                                                                           2 shell                                                                            
1 primitive m
1 primitive n
12 atoms in shell
                                                                                                                                               0.00000 -1.80820 1.80820 [cart.]                                                                                                                                               
      9.0000000000        0.0000000000      -11.0000000000       11.0000000000      -24.2487113060        0.0000000000       14.0000000000       19.0000000000        0.0000000000        0.0000000000       -1.8243628686        0.0000000000       52.9780303534       31.0000000000        0.0000000000       43.0000000000
      0.0000000000       10.0000000000        0.0000000000        0.0000000000        0.0000000000      -23.0000000000        0.0000000000        0.0000000000       23.0000000000      -33.5658556671        0.0000000000       26.0000000000        0.0000000000        0.0000000000       39.0000000000        0.0000000000
     11.0000000000        0.0000000000       13.0000000000       12.0000000000        9.8149545762        0.0000000000       15.0000000000      -20.0000000000        0.0000000000        0.0000000000        1.4679689099        0.0000000000      -55.7839140549       32.0000000000        0.0000000000       44.0000000000
    -11.0000000000        0.0000000000       12.0000000000       13.0000000000        8.0829037687        0.0000000000       16.0000000000       20.0000000000        0.0000000000        0.0000000000        1.6461658893        0.0000000000      -54.3809722041       33.0000000000        0.0000000000       45.0000000000
    -24.2487113060        0.0000000000       -9.8149545762       -8.0829037687       -1.6299091524        0.0000000000       17.0000000000      -36.3730669589        0.0000000000        0.0000000000        0.3177661807        0.0000000000      -22.1468253068       34.0000000000        0.0000000000       46.0000000000
      0.0000000000       23.0000000000        0.0000000000        0.0000000000        0.0000000000       25.0000000000        0.0000000000        0.0000000000       24.0000000000       21.9469056285        0.0000000000       27.0000000000        0.0000000000        0.0000000000      -40.0000000000        0.0000000000
     14.0000000000        0.0000000000      -15.0000000000      -16.0000000000       17.0000000000        0.0000000000       18.0000000000       21.0000000000        0.0000000000        0.0000000000        1.6727627326        0.0000000000      -78.8201688550       35.0000000000        0.0000000000       47.0000000000
     19.0000000000        0.0000000000       20.0000000000      -20.0000000000      -36.3730669589        0.0000000000       21.0000000000       22.0000000000        0.0000000000        0.0000000000       -0.9333779719        0.0000000000       59.9927396071       36.0000000000        0.0000000000       48.0000000000
      0.0000000000      -23.0000000000        0.0000000000        0.0000000000        0.0000000000       24.0000000000        0.0000000000        0.0000000000       25.0000000000       20.6559111798        0.0000000000       28.0000000000        0.0000000000        0.0000000000       40.0000000000        0.0000000000
      0.0000000000      -33.5658556671        0.0000000000        0.0000000000        0.0000000000      -21.9469056285        0.0000000000        0.0000000000      -20.6559111798       15.0244643947        0.0000000000       29.0000000000        0.0000000000        0.0000000000      -52.9307723982        0.0000000000
      1.8243628686        0.0000000000        1.4679689099        1.6461658893       -0.3177661807        0.0000000000       -1.6727627326        0.9333779719        0.0000000000        0.0000000000       -6.1305376641        0.0000000000        5.9722791441      -65.4919333848        0.0000000000       49.0000000000
      0.0000000000       26.0000000000        0.0000000000        0.0000000000        0.0000000000      -27.0000000000        0.0000000000        0.0000000000      -28.0000000000       29.0000000000        0.0000000000       30.0000000000        0.0000000000        0.0000000000       41.0000000000        0.0000000000
    -52.9780303534        0.0000000000      -55.7839140549      -54.3809722041       22.1468253068        0.0000000000       78.8201688550      -59.9927396071        0.0000000000        0.0000000000        5.9722791441        0.0000000000       96.1305376641       37.0000000000        0.0000000000       50.0000000000
    -31.0000000000        0.0000000000       32.0000000000       33.0000000000      -34.0000000000        0.0000000000      -35.0000000000      -36.0000000000        0.0000000000        0.0000000000      -65.4919333848        0.0000000000       37.0000000000       38.0000000000        0.0000000000       51.0000000000
      0.0000000000       39.0000000000        0.0000000000        0.0000000000        0.0000000000       40.0000000000        0.0000000000        0.0000000000      -40.0000000000      -52.9307723982        0.0000000000       41.0000000000        0.0000000000        0.0000000000       42.0000000000        0.0000000000
    -43.0000000000        0.0000000000       44.0000000000       45.0000000000      -46.0000000000        0.0000000000      -47.0000000000      -48.0000000000        0.0000000000        0.0000000000       49.0000000000        0.0000000000       50.0000000000       51.0000000000        0.0000000000       52.0000000000
                                                                                                                                                1.80820 0.00000 1.80820 [cart.]                                                                                                                                               
      9.0000000000       11.0000000000      -11.0000000000        0.0000000000       24.2487113060       19.0000000000       14.0000000000        0.0000000000        0.0000000000      -43.0000000000        1.8243628686       31.0000000000       52.9780303534        0.0000000000        0.0000000000        0.0000000000
    -11.0000000000       13.0000000000       12.0000000000        0.0000000000       -8.0829037687       20.0000000000       16.0000000000        0.0000000000        0.0000000000      -45.0000000000       -1.6461658893       33.0000000000      -54.3809722041        0.0000000000        0.0000000000        0.0000000000
     11.0000000000       12.0000000000       13.0000000000        0.0000000000       -9.8149545762      -20.0000000000       15.0000000000        0.0000000000        0.0000000000      -44.0000000000       -1.4679689099       32.0000000000      -55.7839140549        0.0000000000        0.0000000000        0.0000000000
      0.0000000000        0.0000000000        0.0000000000       10.0000000000        0.0000000000        0.0000000000        0.0000000000      -23.0000000000       23.0000000000        0.0000000000        0.0000000000        0.0000000000        0.0000000000       26.0000000000       39.0000000000       33.5658556671
     24.2487113060        8.0829037687        9.8149545762        0.0000000000       -1.6299091524       36.3730669589      -17.0000000000        0.0000000000        0.0000000000       46.0000000000        0.3177661807      -34.0000000000       22.1468253068        0.0000000000        0.0000000000        0.0000000000
     19.0000000000      -20.0000000000       20.0000000000        0.0000000000       36.3730669589       22.0000000000       21.0000000000        0.0000000000        0.0000000000      -48.0000000000        0.9333779719       36.0000000000       59.9927396071        0.0000000000        0.0000000000        0.0000000000
     14.0000000000      -16.0000000000      -15.0000000000        0.0000000000      -17.0000000000       21.0000000000       18.0000000000        0.0000000000        0.0000000000      -47.0000000000       -1.6727627326       35.0000000000      -78.8201688550        0.0000000000        0.0000000000        0.0000000000
      0.0000000000        0.0000000000        0.0000000000       23.0000000000        0.0000000000        0.0000000000        0.0000000000       25.0000000000       24.0000000000        0.0000000000        0.0000000000        0.0000000000        0.0000000000       27.0000000000      -40.0000000000      -21.9469056285
      0.0000000000        0.0000000000        0.0000000000      -23.0000000000        0.0000000000        0.0000000000        0.0000000000       24.0000000000       25.0000000000        0.0000000000        0.0000000000        0.0000000000        0.0000000000       28.0000000000       40.0000000000      -20.6559111798
     43.0000000000      -45.0000000000      -44.0000000000        0.0000000000      -46.0000000000       48.0000000000       47.0000000000        0.0000000000        0.0000000000       52.0000000000       49.0000000000      -51.0000000000      -50.0000000000        0.0000000000        0.0000000000        0.0000000000
     -1.8243628686       -1.6461658893       -1.4679689099        0.0000000000       -0.3177661807       -0.9333779719        1.6727627326        0.0000000000        0.0000000000       49.0000000000       -6.1305376641       65.4919333848       -5.9722791441        0.0000000000        0.0000000000        0.0000000000
    -31.0000000000       33.0000000000       32.0000000000        0.0000000000       34.0000000000      -36.0000000000      -35.0000000000        0.0000000000        0.0000000000      -51.0000000000       65.4919333848       38.0000000000       37.0000000000        0.0000000000        0.0000000000        0.0000000000
    -52.9780303534      -54.3809722041      -55.7839140549        0.0000000000      -22.1468253068      -59.9927396071       78.8201688550        0.0000000000        0.0000000000      -50.0000000000       -5.9722791441       37.0000000000       96.1305376641        0.0000000000        0.0000000000        0.0000000000
      0.0000000000        0.0000000000        0.0000000000       26.0000000000        0.0000000000        0.0000000000        0.0000000000      -27.0000000000      -28.0000000000        0.0000000000        0.0000000000        0.0000000000        0.0000000000       30.0000000000       41.0000000000      -29.0000000000
      0.0000000000        0.0000000000        0.0000000000       39.0000000000        0.0000000000        0.0000000000        0.0000000000       40.0000000000      -40.0000000000        0.0000000000        0.0000000000        0.0000000000        0.0000000000       41.0000000000       42.0000000000       52.9307723982
      0.0000000000        0.0000000000        0.0000000000       33.5658556671        0.0000000000        0.0000000000        0.0000000000       21.9469056285       20.6559111798        0.0000000000        0.0000000000        0.0000000000        0.0000000000      -29.0000000000       52.9307723982       15.0244643947
                                                                                                                                               -1.80820 0.00000 1.80820 [cart.]                                                                                                                                               
      9.0000000000      -11.0000000000      -11.0000000000        0.0000000000       24.2487113060      -19.0000000000       14.0000000000        0.0000000000        0.0000000000       43.0000000000        1.8243628686      -31.0000000000       52.9780303534        0.0000000000        0.0000000000        0.0000000000
     11.0000000000       13.0000000000      -12.0000000000        0.0000000000        8.0829037687       20.0000000000      -16.0000000000        0.0000000000        0.0000000000      -45.0000000000        1.6461658893       33.0000000000       54.3809722041        0.0000000000        0.0000000000        0.0000000000
     11.0000000000      -12.0000000000       13.0000000000        0.0000000000       -9.8149545762       20.0000000000       15.0000000000        0.0000000000        0.0000000000       44.0000000000       -1.4679689099      -32.0000000000      -55.7839140549        0.0000000000        0.0000000000        0.0000000000
      0.0000000000        0.0000000000        0.0000000000       10.0000000000        0.0000000000        0.0000000000        0.0000000000      -23.0000000000      -23.0000000000        0.0000000000        0.0000000000        0.0000000000        0.0000000000       26.0000000000      -39.0000000000       33.5658556671
     24.2487113060       -8.0829037687        9.8149545762        0.0000000000       -1.6299091524      -36.3730669589      -17.0000000000        0.0000000000        0.0000000000      -46.0000000000        0.3177661807       34.0000000000       22.1468253068        0.0000000000        0.0000000000        0.0000000000
    -19.0000000000      -20.0000000000      -20.0000000000        0.0000000000      -36.3730669589       22.0000000000      -21.0000000000        0.0000000000        0.0000000000      -48.0000000000       -0.9333779719       36.0000000000      -59.9927396071        0.0000000000        0.0000000000        0.0000000000
     14.0000000000       16.0000000000      -15.0000000000        0.0000000000      -17.0000000000      -21.0000000000       18.0000000000        0.0000000000        0.0000000000       47.0000000000       -1.6727627326      -35.0000000000      -78.8201688550        0.0000000000        0.0000000000        0.0000000000
      0.0000000000        0.0000000000        0.0000000000       23.0000000000        0.0000000000        0.0000000000        0.0000000000       25.0000000000      -24.0000000000        0.0000000000        0.0000000000        0.0000000000        0.0000000000       27.0000000000       40.0000000000      -21.9469056285
      0.0000000000        0.0000000000        0.0000000000       23.0000000000        0.0000000000        0.0000000000        0.0000000000      -24.0000000000       25.0000000000        0.0000000000        0.0000000000        0.0000000000        0.0000000000      -28.0000000000       40.0000000000       20.6559111798
    -43.0000000000      -45.0000000000       44.0000000000        0.0000000000       46.0000000000       48.0000000000      -47.0000000000        0.0000000000        0.0000000000       52.0000000000      -49.0000000000      -51.0000000000       50.0000000000        0.0000000000        0.0000000000        0.0000000000
     -1.8243628686        1.6461658893       -1.4679689099        0.0000000000       -0.3177661807        0.9333779719        1.6727627326        0.0000000000        0.0000000000      -49.0000000000       -6.1305376641      -65.4919333848       -5.9722791441        0.0000000000        0.0000000000        0.0000000000
     31.0000000000       33.0000000000      -32.0000000000        0.0000000000      -34.0000000000      -36.0000000000       35.0000000000        0.0000000000        0.0000000000      -51.0000000000      -65.4919333848       38.0000000000      -37.0000000000        0.0000000000        0.0000000000        0.0000000000
    -52.9780303534       54.3809722041      -55.7839140549        0.0000000000      -22.1468253068       59.9927396071       78.8201688550        0.0000000000        0.0000000000       50.0000000000       -5.9722791441      -37.0000000000       96.1305376641        0.0000000000        0.0000000000        0.0000000000
      0.0000000000        0.0000000000        0.0000000000       26.0000000000        0.0000000000        0.0000000000        0.0000000000      -27.0000000000       28.0000000000        0.0000000000        0.0000000000        0.0000000000        0.0000000000       30.0000000000      -41.0000000000      -29.0000000000
      0.0000000000        0.0000000000        0.0000000000      -39.0000000000        0.0000000000        0.0000000000        0.0000000000      -40.0000000000      -40.0000000000        0.0000000000        0.0000000000        0.0000000000        0.0000000000      -41.0000000000       42.0000000000      -52.9307723982
      0.0000000000        0.0000000000        0.0000000000       33.5658556671        0.0000000000        0.0000000000        0.0000000000       21.9469056285      -20.6559111798        0.0000000000        0.0000000000        0.0000000000        0.0000000000      -29.0000000000      -52.9307723982       15.0244643947
                                                                                                                                                0.00000 1.80820 1.80820 [cart.]                                                                                                                                               
      9.0000000000        0.0000000000       11.0000000000       11.0000000000      -24.2487113060        0.0000000000       14.0000000000      -19.0000000000        0.0000000000        0.0000000000        1.8243628686        0.0000000000      -52.9780303534       31.0000000000        0.0000000000       43.0000000000
      0.0000000000       10.0000000000        0.0000000000        0.0000000000        0.0000000000       23.0000000000        0.0000000000        0.0000000000       23.0000000000      -33.5658556671        0.0000000000       26.0000000000        0.0000000000        0.0000000000      -39.0000000000        0.0000000000
    -11.0000000000        0.0000000000       13.0000000000      -12.0000000000       -9.8149545762        0.0000000000      -15.0000000000      -20.0000000000        0.0000000000        0.0000000000        1.4679689099        0.0000000000      -55.7839140549      -32.0000000000        0.0000000000      -44.0000000000
    -11.0000000000        0.0000000000      -12.0000000000       13.0000000000        8.0829037687        0.0000000000       16.0000000000      -20.0000000000        0.0000000000        0.0000000000       -1.6461658893        0.0000000000       54.3809722041       33.0000000000        0.0000000000       45.0000000000
    -24.2487113060        0.0000000000        9.8149545762       -8.0829037687       -1.6299091524        0.0000000000       17.0000000000       36.3730669589        0.0000000000        0.0000000000       -0.3177661807        0.0000000000       22.1468253068       34.0000000000        0.0000000000       46.0000000000
      0.0000000000      -23.0000000000        0.0000000000        0.0000000000        0.0000000000       25.0000000000        0.0000000000        0.0000000000      -24.0000000000      -21.9469056285        0.0000000000      -27.0000000000        0.0000000000        0.0000000000      -40.0000000000        0.0000000000
     14.0000000000        0.0000000000       15.0000000000      -16.0000000000       17.0000000000        0.0000000000       18.0000000000      -21.0000000000        0.0000000000        0.0000000000       -1.6727627326        0.0000000000       78.8201688550       35.0000000000        0.0000000000       47.0000000000
    -19.0000000000        0.0000000000       20.0000000000       20.0000000000       36.3730669589        0.0000000000      -21.0000000000       22.0000000000        0.0000000000        0.0000000000       -0.9333779719        0.0000000000       59.9927396071      -36.0000000000        0.0000000000      -48.0000000000
      0.0000000000      -23.0000000000        0.0000000000        0.0000000000        0.0000000000      -24.0000000000        0.0000000000        0.0000000000       25.0000000000       20.6559111798        0.0000000000       28.0000000000        0.0000000000        0.0000000000      -40.0000000000        0.0000000000
      0.0000000000      -33.5658556671        0.0000000000        0.0000000000        0.0000000000       21.9469056285        0.0000000000        0.0000000000      -20.6559111798       15.0244643947        0.0000000000       29.0000000000        0.0000000000        0.0000000000       52.9307723982        0.0000000000
     -1.8243628686        0.0000000000        1.4679689099       -1.6461658893        0.3177661807        0.0000000000        1.6727627326        0.9333779719        0.0000000000        0.0000000000       -6.1305376641        0.0000000000        5.9722791441       65.4919333848        0.0000000000      -49.0000000000
      0.0000000000       26.0000000000        0.0000000000        0.0000000000        0.0000000000       27.0000000000        0.0000000000        0.0000000000      -28.0000000000       29.0000000000        0.0000000000       30.0000000000        0.0000000000        0.0000000000      -41.0000000000        0.0000000000
     52.9780303534        0.0000000000      -55.7839140549       54.3809722041      -22.1468253068        0.0000000000      -78.8201688550      -59.9927396071        0.0000000000        0.0000000000        5.9722791441        0.0000000000       96.1305376641      -37.0000000000        0.0000000000      -50.0000000000
    -31.0000000000        0.0000000000      -32.0000000000       33.0000000000      -34.0000000000        0.0000000000      -35.0000000000       36.0000000000        0.0000000000        0.0000000000       65.4919333848        0.0000000000      -37.0000000000       38.0000000000        0.0000000000       51.0000000000
      0.0000000000      -39.0000000000        0.0000000000        0.0000000000        0.0000000000       40.0000000000        0.0000000000        0.0000000000       40.0000000000       52.9307723982        0.0000000000      -41.0000000000        0.0000000000        0.0000000000       42.0000000000        0.0000000000
    -43.0000000000        0.0000000000      -44.0000000000       45.0000000000      -46.0000000000        0.0000000000      -47.0000000000       48.0000000000        0.0000000000        0.0000000000      -49.0000000000        0.0000000000      -50.0000000000       51.0000000000        0.0000000000       52.0000000000
                                                                                                                                               1.80820 -1.80820 0.00000 [cart.]                                                                                                                                               
      9.0000000000       11.0000000000        0.0000000000       11.0000000000       -0.0000000000        0.0000000000      -28.0000000000        0.0000000000      -19.0000000000      -40.7656209331        0.0000000000       33.8845709717        0.0000000000       33.8845709717        0.0000000000       40.7656209331
    -11.0000000000       13.0000000000        0.0000000000      -12.0000000000      -17.8978583449        0.0000000000       -1.0000000000        0.0000000000      -20.0000000000      -43.2021126062        0.0000000000       35.3210626448        0.0000000000      -34.6028168083        0.0000000000      -41.9838667697
      0.0000000000        0.0000000000       10.0000000000        0.0000000000        0.0000000000       23.0000000000        0.0000000000       23.0000000000        0.0000000000        0.0000000000       -0.0000000000        0.0000000000      -42.4578222082        0.0000000000      -39.0000000000        0.0000000000
    -11.0000000000      -12.0000000000        0.0000000000       13.0000000000       17.8978583449        0.0000000000       -1.0000000000        0.0000000000      -20.0000000000       41.9838667697        0.0000000000      -34.6028168083        0.0000000000       35.3210626448        0.0000000000       43.2021126062
     -0.0000000000       17.8978583449        0.0000000000      -17.8978583449       27.8149545762        0.0000000000       -0.0000000000        0.0000000000        0.0000000000       61.7343699205        0.0000000000      -49.8526300610        0.0000000000       49.8526300610        0.0000000000       61.7343699205
      0.0000000000        0.0000000000      -23.0000000000        0.0000000000        0.0000000000       25.0000000000        0.0000000000      -24.0000000000        0.0000000000        0.0000000000      -34.7850542619        0.0000000000       -0.8164965809        0.0000000000      -40.0000000000        0.0000000000
    -28.0000000000        1.0000000000        0.0000000000        1.0000000000       -0.0000000000        0.0000000000      -11.4448637287        0.0000000000       42.0000000000      -15.6498567170        0.0000000000       12.8321795207        0.0000000000       12.8321795207        0.0000000000       15.6498567170
      0.0000000000        0.0000000000      -23.0000000000        0.0000000000        0.0000000000      -24.0000000000        0.0000000000       25.0000000000        0.0000000000        0.0000000000       34.7850542619        0.0000000000       -0.8164965809        0.0000000000      -40.0000000000        0.0000000000
    -19.0000000000       20.0000000000        0.0000000000       20.0000000000        0.0000000000        0.0000000000       42.0000000000        0.0000000000       22.0000000000       46.8568501159        0.0000000000      -37.4758001545        0.0000000000      -37.4758001545        0.0000000000      -46.8568501159
     40.7656209331      -43.2021126062        0.0000000000       41.9838667697      -61.7343699205        0.0000000000       15.6498567170        0.0000000000      -46.8568501159       63.5652688321        0.0000000000      -48.0138604279        0.0000000000      -70.0402998360        0.0000000000       -6.8739655767
      0.0000000000        0.0000000000       -0.0000000000        0.0000000000        0.0000000000       34.7850542619        0.0000000000      -34.7850542619        0.0000000000        0.0000000000       52.4633034080        0.0000000000       -0.0000000000        0.0000000000        0.0000000000        0.0000000000
    -33.8845709717       35.3210626448        0.0000000000      -34.6028168083       49.8526300610        0.0000000000      -12.8321795207        0.0000000000       37.4758001545      -48.0138604279        0.0000000000       26.4347311679        0.0000000000      -26.4698835190        0.0000000000       70.0402998360
      0.0000000000        0.0000000000      -42.4578222082        0.0000000000        0.0000000000        0.8164965809        0.0000000000        0.8164965809        0.0000000000        0.0000000000       -0.0000000000        0.0000000000       -7.4388390133        0.0000000000       66.9527196361        0.0000000000
    -33.8845709717      -34.6028168083        0.0000000000       35.3210626448      -49.8526300610        0.0000000000      -12.8321795207        0.0000000000       37.4758001545      -70.0402998360        0.0000000000      -26.4698835190        0.0000000000       26.4347311679        0.0000000000       48.0138604279
      0.0000000000        0.0000000000      -39.0000000000        0.0000000000        0.0000000000       40.0000000000        0.0000000000       40.0000000000        0.0000000000        0.0000000000        0.0000000000        0.0000000000       66.9527196361        0.0000000000       42.0000000000        0.0000000000
    -40.7656209331      -41.9838667697        0.0000000000       43.2021126062      -61.7343699205        0.0000000000      -15.6498567170        0.0000000000       46.8568501159       -6.8739655767        0.0000000000       70.0402998360        0.0000000000       48.0138604279        0.0000000000       63.5652688321
                                                                                                                                               -1.80820 -1.80820 0.00000 [cart.]                                                                                                                                              
      9.0000000000      -11.0000000000        0.0000000000       11.0000000000       -0.0000000000        0.0000000000      -28.0000000000        0.0000000000       19.0000000000       40.7656209331        0.0000000000      -33.8845709717        0.0000000000       33.8845709717        0.0000000000       40.7656209331
     11.0000000000       13.0000000000        0.0000000000       12.0000000000       17.8978583449        0.0000000000        1.0000000000        0.0000000000      -20.0000000000      -43.2021126062        0.0000000000       35.3210626448        0.0000000000       34.6028168083        0.0000000000       41.9838667697
      0.0000000000        0.0000000000       10.0000000000        0.0000000000        0.0000000000      -23.0000000000        0.0000000000       23.0000000000        0.0000000000        0.0000000000       -0.0000000000        0.0000000000      -42.4578222082        0.0000000000       39.0000000000        0.0000000000
    -11.0000000000       12.0000000000        0.0000000000       13.0000000000       17.8978583449        0.0000000000       -1.0000000000        0.0000000000       20.0000000000      -41.9838667697        0.0000000000       34.6028168083        0.0000000000       35.3210626448        0.0000000000       43.2021126062
     -0.0000000000      -17.8978583449        0.0000000000      -17.8978583449       27.8149545762        0.0000000000       -0.0000000000        0.0000000000       -0.0000000000      -61.7343699205        0.0000000000       49.8526300610        0.0000000000       49.8526300610        0.0000000000       61.7343699205
      0.0000000000        0.0000000000       23.0000000000        0.0000000000        0.0000000000       25.0000000000        0.0000000000       24.0000000000        0.0000000000        0.0000000000       34.7850542619        0.0000000000        0.8164965809        0.0000000000      -40.0000000000        0.0000000000
    -28.0000000000       -1.0000000000        0.0000000000        1.0000000000       -0.0000000000        0.0000000000      -11.4448637287        0.0000000000      -42.0000000000       15.6498567170        0.0000000000      -12.8321795207        0.0000000000       12.8321795207        0.0000000000       15.6498567170
      0.0000000000        0.0000000000      -23.0000000000        0.0000000000        0.0000000000       24.0000000000        0.0000000000       25.0000000000        0.0000000000        0.0000000000       34.7850542619        0.0000000000       -0.8164965809        0.0000000000       40.0000000000        0.0000000000
     19.0000000000       20.0000000000        0.0000000000      -20.0000000000       -0.0000000000        0.0000000000      -42.0000000000        0.0000000000       22.0000000000       46.8568501159        0.0000000000      -37.4758001545        0.0000000000       37.4758001545        0.0000000000       46.8568501159
    -40.7656209331      -43.2021126062        0.0000000000      -41.9838667697       61.7343699205        0.0000000000      -15.6498567170        0.0000000000      -46.8568501159       63.5652688321        0.0000000000      -48.0138604279        0.0000000000       70.0402998360        0.0000000000        6.8739655767
      0.0000000000        0.0000000000       -0.0000000000        0.0000000000        0.0000000000      -34.7850542619        0.0000000000      -34.7850542619        0.0000000000        0.0000000000       52.4633034080        0.0000000000       -0.0000000000        0.0000000000       -0.0000000000        0.0000000000
     33.8845709717       35.3210626448        0.0000000000       34.6028168083      -49.8526300610        0.0000000000       12.8321795207        0.0000000000       37.4758001545      -48.0138604279        0.0000000000       26.4347311679        0.0000000000       26.4698835190        0.0000000000      -70.0402998360
      0.0000000000        0.0000000000      -42.4578222082        0.0000000000        0.0000000000       -0.8164965809        0.0000000000        0.8164965809        0.0000000000        0.0000000000       -0.0000000000        0.0000000000       -7.4388390133        0.0000000000      -66.9527196361        0.0000000000
    -33.8845709717       34.6028168083        0.0000000000       35.3210626448      -49.8526300610        0.0000000000      -12.8321795207        0.0000000000      -37.4758001545       70.0402998360        0.0000000000       26.4698835190        0.0000000000       26.4347311679        0.0000000000       48.0138604279
      0.0000000000        0.0000000000       39.0000000000        0.0000000000        0.0000000000       40.0000000000        0.0000000000      -40.0000000000        0.0000000000        0.0000000000       -0.0000000000        0.0000000000      -66.9527196361        0.0000000000       42.0000000000        0.0000000000
    -40.7656209331       41.9838667697        0.0000000000       43.2021126062      -61.7343699205        0.0000000000      -15.6498567170        0.0000000000      -46.8568501159        6.8739655767        0.0000000000      -70.0402998360        0.0000000000       48.0138604279        0.0000000000       63.5652688321
                                                                                                                                                1.80820 1.80820 0.00000 [cart.]                                                                                                                                               
      9.0000000000       11.0000000000       11.0000000000        0.0000000000       24.2487113060      -19.0000000000       14.0000000000        0.0000000000        0.0000000000      -43.0000000000       -1.8243628686       31.0000000000      -52.9780303534        0.0000000000        0.0000000000        0.0000000000
    -11.0000000000       13.0000000000      -12.0000000000        0.0000000000       -8.0829037687      -20.0000000000       16.0000000000        0.0000000000        0.0000000000      -45.0000000000        1.6461658893       33.0000000000       54.3809722041        0.0000000000        0.0000000000        0.0000000000
