function [a] = getV4(v)
a(2,2) = v(1);
a(3,2) = v(2);
a(1,3) = v(3);
a(2,3) = v(4);
a(3,3) = v(5);
a(1,5) = v(6);
a(2,5) = v(7);
a(3,5) = v(8);
a(1,1) = +0.57735*a(1,3);+1.15470*a(2,3);
a(2,1) = +1.15470*a(1,3);+0.57735*a(2,3);
a(3,1) = +1.73205*a(3,3);
a(1,2) = +1.00000*a(2,2);
a(1,4) = +1.00000*a(2,5);
a(2,4) = +1.00000*a(1,5);
a(3,4) = +1.00000*a(3,5);
end
