function [a] = getV6(v)
a(1,3) = v(1);
a(3,3) = v(2);
a(3,4) = v(3);
a(4,4) = v(4);
a(1,5) = v(5);
a(2,5) = v(6);
a(3,5) = v(7);
a(4,5) = v(8);
a(5,5) = v(9);
a(1,1) = -1.15470*a(1,3);+1.00000*a(3,3);
a(2,1) = -0.50000*a(1,5);+0.86603*a(3,5);
a(3,1) = +1.00000*a(1,3);
a(4,1) = -1.73205*a(3,4);
a(5,1) = +1.00000*a(1,5);
a(1,2) = -0.50000*a(1,5);+0.86603*a(3,5);
a(2,2) = +1.00000*a(5,5);
a(3,2) = +0.86603*a(1,5);+0.50000*a(3,5);
a(4,2) = -1.00000*a(4,5);
a(5,2) = +1.00000*a(2,5);
a(2,3) = +0.86603*a(1,5);+0.50000*a(3,5);
a(4,3) = +1.00000*a(3,4);
a(5,3) = +1.00000*a(3,5);
a(1,4) = -1.73205*a(3,4);
a(2,4) = -1.00000*a(4,5);
a(5,4) = +1.00000*a(4,5);
end
