function [a] = getV5(v)
a(3,3) = v(1);
a(5,5) = v(2);
a(1,1) = +1.00000*a(3,3);
a(2,2) = +1.00000*a(5,5);
a(4,4) = +1.00000*a(5,5);
a(2,1) = 0;
a(3,1) = 0;
a(4,1) = 0;
a(5,1) = 0;
a(1,2) = 0;
a(3,2) = 0;
a(4,2) = 0;
a(5,2) = 0;
a(1,3) = 0;
a(2,3) = 0;
a(4,3) = 0;
a(5,3) = 0;
a(1,4) = 0;
a(2,4) = 0;
a(3,4) = 0;
a(5,4) = 0;
a(1,5) = 0;
a(2,5) = 0;
a(3,5) = 0;
a(4,5) = 0;
end
