function [a] = getV3(v)
a(1,1) = v(1);
a(1,3) = v(2);
a(2,3) = v(3);
a(3,3) = v(4);
a(2,1) = -1.00000*a(1,3);
a(3,1) = +1.00000*a(1,3);
a(1,2) = -1.00000*a(1,3);
a(2,2) = +1.00000*a(3,3);
a(3,2) = +1.00000*a(2,3);
end
