function [a] = getV2(v)
a(3,3) = v(1);
a(2,5) = v(2);
a(3,5) = v(3);
a(1,1) = -1.73205*a(3,3);
a(3,1) = +1.73205*a(3,3);
a(1,2) = -1.00000*a(3,5);
a(2,2) = +1.00000*a(3,5);
a(3,2) = +1.00000*a(2,5);
a(1,3) = +1.00000*a(3,3);
a(2,3) = +2.00000*a(3,3);
a(1,4) = +1.00000*a(2,5);
a(2,4) = +1.00000*a(3,5);
a(3,4) = -1.00000*a(3,5);
a(1,5) = +1.00000*a(3,5);
a(2,1) = 0;
end
