          58
 -------------------------------------------------------------------------------
 primitive indices:
         1           1
 irreducible indices:
         1           1
 R-R' [cart]:
    0.0000      0.0000      0.0000
 matrix elements (8 x 8):
    1.0000           0           0           0           0           0      3.0000           0
         0      1.0000           0           0           0           0           0      3.0000
         0           0      1.0000           0      3.0000           0           0           0
         0           0           0      2.0000           0           0           0           0
         0           0     -3.0000           0      4.0000           0           0           0
         0           0           0           0           0      2.0000           0           0
   -3.0000           0           0           0           0           0      4.0000           0
         0     -3.0000           0           0           0           0           0      4.0000
 Dm (8 x 8):
    1.0000           0           0           0           0           0           0           0
         0      1.0000           0           0           0           0           0           0
         0           0      1.0000           0           0           0           0           0
         0           0           0      1.0000           0           0           0           0
         0           0           0           0      1.0000           0           0           0
         0           0           0           0           0      1.0000           0           0
         0           0           0           0           0           0      1.0000           0
         0           0           0           0           0           0           0      1.0000
 Dn (8 x 8):
    1.0000           0           0           0           0           0           0           0
         0      1.0000           0           0           0           0           0           0
         0           0      1.0000           0           0           0           0           0
         0           0           0      1.0000           0           0           0           0
         0           0           0           0      1.0000           0           0           0
         0           0           0           0           0      1.0000           0           0
         0           0           0           0           0           0      1.0000           0
         0           0           0           0           0           0           0      1.0000
 -------------------------------------------------------------------------------
 primitive indices:
         1           2
 irreducible indices:
         1           2
 R-R' [cart]:
    1.4375      1.4375     -1.4375
 matrix elements (8 x 8):
    6.0000     -5.0000      5.0000     17.3205     14.0000    -10.0000     13.0000    -14.0000
   -5.0000      6.0000      5.0000           0     14.0000     20.0000    -14.0000     13.0000
    5.0000      5.0000      6.0000     17.3205     13.0000     10.0000     14.0000     14.0000
   13.8564           0     13.8564     11.0000     12.9904           0     12.9904           0
    9.0000      9.0000      7.0000     10.3923     17.0000      6.0000    -16.0000    -16.0000
   -8.0000     16.0000      8.0000           0      7.5000     11.0000     -7.5000     15.0000
    7.0000     -9.0000      9.0000     10.3923    -16.0000     -6.0000     17.0000     16.0000
   -9.0000      7.0000      9.0000           0    -16.0000     12.0000     16.0000     17.0000
 Dm (8 x 8):
    1.0000           0           0           0           0           0           0           0
         0      1.0000           0           0           0           0           0           0
         0           0      1.0000           0           0           0           0           0
         0           0           0      1.0000           0           0           0           0
         0           0           0           0      1.0000           0           0           0
         0           0           0           0           0      1.0000           0           0
         0           0           0           0           0           0      1.0000           0
         0           0           0           0           0           0           0      1.0000
 Dn (8 x 8):
    1.0000           0           0           0           0           0           0           0
         0      1.0000           0           0           0           0           0           0
         0           0      1.0000           0           0           0           0           0
         0           0           0      1.0000           0           0           0           0
         0           0           0           0      1.0000           0           0           0
         0           0           0           0           0      1.0000           0           0
         0           0           0           0           0           0      1.0000           0
         0           0           0           0           0           0           0      1.0000
 -------------------------------------------------------------------------------
 primitive indices:
         1           2
 irreducible indices:
         1           2
 R-R' [cart]:
    1.4375     -1.4375      1.4375
 matrix elements (8 x 8):
    6.0000      5.0000     -5.0000     17.3205    -14.0000    -10.0000     13.0000     14.0000
    5.0000      6.0000      5.0000           0     14.0000    -20.0000     14.0000     13.0000
   -5.0000      5.0000      6.0000    -17.3205     13.0000    -10.0000    -14.0000     14.0000
   13.8564           0    -13.8564     11.0000    -12.9904           0     12.9904           0
   -9.0000      9.0000      7.0000    -10.3923     17.0000     -6.0000     16.0000    -16.0000
   -8.0000    -16.0000     -8.0000           0     -7.5000     11.0000     -7.5000    -15.0000
    7.0000      9.0000     -9.0000     10.3923     16.0000     -6.0000     17.0000    -16.0000
    9.0000      7.0000      9.0000           0    -16.0000    -12.0000    -16.0000     17.0000
 Dm (8 x 8):
    1.0000           0           0           0           0           0           0           0
         0     -1.0000           0           0           0           0           0           0
         0           0     -1.0000           0           0           0           0           0
         0           0           0      1.0000           0           0           0           0
         0           0           0           0     -1.0000           0           0           0
         0           0           0           0           0      1.0000           0           0
         0           0           0           0           0           0      1.0000           0
         0           0           0           0           0           0           0     -1.0000
 Dn (8 x 8):
    1.0000           0           0           0           0           0           0           0
         0     -1.0000           0           0           0           0           0           0
         0           0     -1.0000           0           0           0           0           0
         0           0           0      1.0000           0           0           0           0
         0           0           0           0     -1.0000           0           0           0
         0           0           0           0           0      1.0000           0           0
         0           0           0           0           0           0      1.0000           0
         0           0           0           0           0           0           0     -1.0000
 -------------------------------------------------------------------------------
 primitive indices:
         1           2
 irreducible indices:
         1           2
 R-R' [cart]:
   -1.4375      1.4375      1.4375
 matrix elements (8 x 8):
    6.0000      5.0000      5.0000    -17.3205     14.0000     10.0000     13.0000     14.0000
    5.0000      6.0000     -5.0000           0    -14.0000     20.0000     14.0000     13.0000
    5.0000     -5.0000      6.0000    -17.3205     13.0000    -10.0000     14.0000    -14.0000
  -13.8564           0    -13.8564     11.0000    -12.9904           0    -12.9904           0
    9.0000     -9.0000      7.0000    -10.3923     17.0000     -6.0000    -16.0000     16.0000
    8.0000     16.0000     -8.0000           0     -7.5000     11.0000      7.5000     15.0000
    7.0000      9.0000      9.0000    -10.3923    -16.0000      6.0000     17.0000    -16.0000
    9.0000      7.0000     -9.0000           0     16.0000     12.0000    -16.0000     17.0000
 Dm (8 x 8):
   -1.0000           0           0           0           0           0           0           0
         0      1.0000           0           0           0           0           0           0
         0           0     -1.0000           0           0           0           0           0
         0           0           0      1.0000           0           0           0           0
         0           0           0           0     -1.0000           0           0           0
         0           0           0           0           0      1.0000           0           0
         0           0           0           0           0           0     -1.0000           0
         0           0           0           0           0           0           0      1.0000
 Dn (8 x 8):
   -1.0000           0           0           0           0           0           0           0
         0      1.0000           0           0           0           0           0           0
         0           0     -1.0000           0           0           0           0           0
         0           0           0      1.0000           0           0           0           0
         0           0           0           0     -1.0000           0           0           0
         0           0           0           0           0      1.0000           0           0
         0           0           0           0           0           0     -1.0000           0
         0           0           0           0           0           0           0      1.0000
 -------------------------------------------------------------------------------
 primitive indices:
         1           2
 irreducible indices:
         1           2
 R-R' [cart]:
   -1.4375     -1.4375     -1.4375
 matrix elements (8 x 8):
    6.0000     -5.0000     -5.0000    -17.3205    -14.0000     10.0000     13.0000    -14.0000
   -5.0000      6.0000     -5.0000           0    -14.0000    -20.0000    -14.0000     13.0000
   -5.0000     -5.0000      6.0000     17.3205     13.0000     10.0000    -14.0000    -14.0000
  -13.8564           0     13.8564     11.0000     12.9904           0    -12.9904           0
   -9.0000     -9.0000      7.0000     10.3923     17.0000      6.0000     16.0000     16.0000
    8.0000    -16.0000      8.0000           0      7.5000     11.0000      7.5000    -15.0000
    7.0000     -9.0000     -9.0000    -10.3923     16.0000      6.0000     17.0000     16.0000
   -9.0000      7.0000     -9.0000           0     16.0000    -12.0000     16.0000     17.0000
 Dm (8 x 8):
   -1.0000           0           0           0           0           0           0           0
         0     -1.0000           0           0           0           0           0           0
         0           0      1.0000           0           0           0           0           0
         0           0           0      1.0000           0           0           0           0
         0           0           0           0      1.0000           0           0           0
         0           0           0           0           0      1.0000           0           0
         0           0           0           0           0           0     -1.0000           0
         0           0           0           0           0           0           0     -1.0000
 Dn (8 x 8):
   -1.0000           0           0           0           0           0           0           0
         0     -1.0000           0           0           0           0           0           0
         0           0      1.0000           0           0           0           0           0
         0           0           0      1.0000           0           0           0           0
         0           0           0           0      1.0000           0           0           0
         0           0           0           0           0      1.0000           0           0
         0           0           0           0           0           0     -1.0000           0
         0           0           0           0           0           0           0     -1.0000
 -------------------------------------------------------------------------------
 primitive indices:
         1           1
 irreducible indices:
         1           1
 R-R' [cart]:
    0.0000      2.8751      2.8751
 matrix elements (8 x 8):
   18.0000     19.0000     19.0000    -38.1051     31.0000     22.0000     27.0000     31.0000
   19.0000     21.0000     20.0000    -40.9919     33.0000     23.0000     28.0000     32.0000
   19.0000     20.0000     21.0000    -40.4145     32.0000     24.0000     28.0000     33.0000
   38.1051     40.9919     40.4145     -2.8675    -14.1769     25.0000    -50.2295     34.0000
  -31.0000    -33.0000    -32.0000    -14.1769     38.0000    -47.4449     37.0000     35.0000
  -22.0000    -23.0000    -24.0000     25.0000    -47.4449     26.0000     29.0000     36.0000
  -27.0000    -28.0000    -28.0000    -50.2295     37.0000     29.0000     30.0000     37.0000
  -31.0000    -32.0000    -33.0000     34.0000     35.0000     36.0000     37.0000     38.0000
 Dm (8 x 8):
    1.0000           0           0           0           0           0           0           0
         0      1.0000           0           0           0           0           0           0
         0           0      1.0000           0           0           0           0           0
         0           0           0      1.0000           0           0           0           0
         0           0           0           0      1.0000           0           0           0
         0           0           0           0           0      1.0000           0           0
         0           0           0           0           0           0      1.0000           0
         0           0           0           0           0           0           0      1.0000
 Dn (8 x 8):
    1.0000           0           0           0           0           0           0           0
         0      1.0000           0           0           0           0           0           0
         0           0      1.0000           0           0           0           0           0
         0           0           0      1.0000           0           0           0           0
         0           0           0           0      1.0000           0           0           0
         0           0           0           0           0      1.0000           0           0
         0           0           0           0           0           0      1.0000           0
         0           0           0           0           0           0           0      1.0000
 -------------------------------------------------------------------------------
 primitive indices:
         1           1
 irreducible indices:
         1           1
 R-R' [cart]:
    2.8751      0.0000      2.8751
 matrix elements (8 x 8):
   21.0000     20.0000     19.0000     40.4145     28.0000     24.0000     32.0000     33.0000
   20.0000     21.0000     19.0000     40.9919     28.0000     23.0000     33.0000     32.0000
   19.0000     19.0000     18.0000     38.1051     27.0000     22.0000     31.0000     31.0000
  -40.4145    -40.9919    -38.1051     -2.8675     50.2295    -25.0000     14.1769    -34.0000
  -28.0000    -28.0000    -27.0000     50.2295     30.0000     29.0000     37.0000     37.0000
  -24.0000    -23.0000    -22.0000    -25.0000     29.0000     26.0000    -47.4449     36.0000
  -32.0000    -33.0000    -31.0000     14.1769     37.0000    -47.4449     38.0000     35.0000
  -33.0000    -32.0000    -31.0000    -34.0000     37.0000     36.0000     35.0000     38.0000
 Dm (8 x 8):
         0           0      1.0000           0           0           0           0           0
    1.0000           0           0           0           0           0           0           0
         0      1.0000           0           0           0           0           0           0
         0           0           0     -0.5000           0     -0.8660           0           0
         0           0           0           0           0           0           0      1.0000
         0           0           0      0.8660           0     -0.5000           0           0
         0           0           0           0      1.0000           0           0           0
         0           0           0           0           0           0      1.0000           0
 Dn (8 x 8):
         0           0      1.0000           0           0           0           0           0
    1.0000           0           0           0           0           0           0           0
         0      1.0000           0           0           0           0           0           0
         0           0           0     -0.5000           0     -0.8660           0           0
         0           0           0           0           0           0           0      1.0000
         0           0           0      0.8660           0     -0.5000           0           0
         0           0           0           0      1.0000           0           0           0
         0           0           0           0           0           0      1.0000           0
 -------------------------------------------------------------------------------
 primitive indices:
         1           1
 irreducible indices:
         1           1
 R-R' [cart]:
    2.8751      2.8751      0.0000
 matrix elements (8 x 8):
   21.0000     19.0000     20.0000     -0.5774     33.0000    -47.0000     32.0000     28.0000
   19.0000     18.0000     19.0000     -0.0000     31.0000    -44.0000     31.0000     27.0000
   20.0000     19.0000     21.0000      0.5774     32.0000    -47.0000     33.0000     28.0000
    0.5774     -0.0000     -0.5774     40.4338    -48.1769     -0.0000     48.1769     -0.0000
  -33.0000    -31.0000    -32.0000    -48.1769     38.0000     11.4449     35.0000     37.0000
   47.0000     44.0000     47.0000     -0.0000     11.4449    -17.3013     11.4449    -58.0000
  -32.0000    -31.0000    -33.0000     48.1769     35.0000     11.4449     38.0000     37.0000
  -28.0000    -27.0000    -28.0000      0.0000     37.0000    -58.0000     37.0000     30.0000
 Dm (8 x 8):
         0      1.0000           0           0           0           0           0           0
         0           0      1.0000           0           0           0           0           0
    1.0000           0           0           0           0           0           0           0
         0           0           0     -0.5000           0      0.8660           0           0
         0           0           0           0           0           0      1.0000           0
         0           0           0     -0.8660           0     -0.5000           0           0
         0           0           0           0           0           0           0      1.0000
         0           0           0           0      1.0000           0           0           0
 Dn (8 x 8):
         0      1.0000           0           0           0           0           0           0
         0           0      1.0000           0           0           0           0           0
    1.0000           0           0           0           0           0           0           0
         0           0           0     -0.5000           0      0.8660           0           0
         0           0           0           0           0           0      1.0000           0
         0           0           0     -0.8660           0     -0.5000           0           0
         0           0           0           0           0           0           0      1.0000
         0           0           0           0      1.0000           0           0           0
 -------------------------------------------------------------------------------
 primitive indices:
         1           1
 irreducible indices:
         1           1
 R-R' [cart]:
    0.0000      2.8751     -2.8751
 matrix elements (8 x 8):
   18.0000    -19.0000     19.0000     38.1051     31.0000    -22.0000     27.0000    -31.0000
  -19.0000     21.0000    -20.0000    -40.9919    -33.0000     23.0000    -28.0000     32.0000
   19.0000    -20.0000     21.0000     40.4145     32.0000    -24.0000     28.0000    -33.0000
  -38.1051     40.9919    -40.4145     -2.8675     14.1769     25.0000     50.2295     34.0000
  -31.0000     33.0000    -32.0000     14.1769     38.0000     47.4449     37.0000    -35.0000
   22.0000    -23.0000     24.0000     25.0000     47.4449     26.0000    -29.0000     36.0000
  -27.0000     28.0000    -28.0000     50.2295     37.0000    -29.0000     30.0000    -37.0000
   31.0000    -32.0000     33.0000     34.0000    -35.0000     36.0000    -37.0000     38.0000
 Dm (8 x 8):
   -1.0000           0           0           0           0           0           0           0
         0      1.0000           0           0           0           0           0           0
         0           0     -1.0000           0           0           0           0           0
         0           0           0      1.0000           0           0           0           0
         0           0           0           0     -1.0000           0           0           0
         0           0           0           0           0      1.0000           0           0
         0           0           0           0           0           0     -1.0000           0
         0           0           0           0           0           0           0      1.0000
 Dn (8 x 8):
   -1.0000           0           0           0           0           0           0           0
         0      1.0000           0           0           0           0           0           0
         0           0     -1.0000           0           0           0           0           0
         0           0           0      1.0000           0           0           0           0
         0           0           0           0     -1.0000           0           0           0
         0           0           0           0           0      1.0000           0           0
         0           0           0           0           0           0     -1.0000           0
         0           0           0           0           0           0           0      1.0000
 -------------------------------------------------------------------------------
 primitive indices:
         1           1
 irreducible indices:
         1           1
 R-R' [cart]:
    2.8751      0.0000     -2.8751
 matrix elements (8 x 8):
   21.0000     20.0000    -19.0000    -40.4145    -28.0000    -24.0000     32.0000     33.0000
   20.0000     21.0000    -19.0000    -40.9919    -28.0000    -23.0000     33.0000     32.0000
  -19.0000    -19.0000     18.0000     38.1051     27.0000     22.0000    -31.0000    -31.0000
   40.4145     40.9919    -38.1051     -2.8675     50.2295    -25.0000    -14.1769     34.0000
   28.0000     28.0000    -27.0000     50.2295     30.0000     29.0000    -37.0000    -37.0000
   24.0000     23.0000    -22.0000    -25.0000     29.0000     26.0000     47.4449    -36.0000
  -32.0000    -33.0000     31.0000    -14.1769    -37.0000     47.4449     38.0000     35.0000
  -33.0000    -32.0000     31.0000     34.0000    -37.0000    -36.0000     35.0000     38.0000
 Dm (8 x 8):
         0           0      1.0000           0           0           0           0           0
   -1.0000           0           0           0           0           0           0           0
         0     -1.0000           0           0           0           0           0           0
         0           0           0     -0.5000           0     -0.8660           0           0
         0           0           0           0           0           0           0     -1.0000
         0           0           0      0.8660           0     -0.5000           0           0
         0           0           0           0      1.0000           0           0           0
         0           0           0           0           0           0     -1.0000           0
 Dn (8 x 8):
         0           0      1.0000           0           0           0           0           0
   -1.0000           0           0           0           0           0           0           0
         0     -1.0000           0           0           0           0           0           0
         0           0           0     -0.5000           0     -0.8660           0           0
         0           0           0           0           0           0           0     -1.0000
         0           0           0      0.8660           0     -0.5000           0           0
         0           0           0           0      1.0000           0           0           0
         0           0           0           0           0           0     -1.0000           0
 -------------------------------------------------------------------------------
 primitive indices:
         1           1
 irreducible indices:
         1           1
 R-R' [cart]:
    0.0000     -2.8751      2.8751
 matrix elements (8 x 8):
   18.0000     19.0000    -19.0000     38.1051    -31.0000    -22.0000     27.0000     31.0000
   19.0000     21.0000    -20.0000     40.9919    -33.0000    -23.0000     28.0000     32.0000
  -19.0000    -20.0000     21.0000    -40.4145     32.0000     24.0000    -28.0000    -33.0000
  -38.1051    -40.9919     40.4145     -2.8675    -14.1769     25.0000     50.2295    -34.0000
   31.0000     33.0000    -32.0000    -14.1769     38.0000    -47.4449    -37.0000    -35.0000
   22.0000     23.0000    -24.0000     25.0000    -47.4449     26.0000    -29.0000    -36.0000
  -27.0000    -28.0000     28.0000     50.2295    -37.0000    -29.0000     30.0000     37.0000
  -31.0000    -32.0000     33.0000    -34.0000    -35.0000    -36.0000     37.0000     38.0000
 Dm (8 x 8):
   -1.0000           0           0           0           0           0           0           0
         0     -1.0000           0           0           0           0           0           0
         0           0      1.0000           0           0           0           0           0
         0           0           0      1.0000           0           0           0           0
         0           0           0           0      1.0000           0           0           0
         0           0           0           0           0      1.0000           0           0
         0           0           0           0           0           0     -1.0000           0
         0           0           0           0           0           0           0     -1.0000
 Dn (8 x 8):
   -1.0000           0           0           0           0           0           0           0
         0     -1.0000           0           0           0           0           0           0
         0           0      1.0000           0           0           0           0           0
         0           0           0      1.0000           0           0           0           0
         0           0           0           0      1.0000           0           0           0
         0           0           0           0           0      1.0000           0           0
         0           0           0           0           0           0     -1.0000           0
         0           0           0           0           0           0           0     -1.0000
 -------------------------------------------------------------------------------
 primitive indices:
         1           1
 irreducible indices:
         1           1
 R-R' [cart]:
    2.8751     -2.8751      0.0000
 matrix elements (8 x 8):
   21.0000    -19.0000     20.0000      0.5774     33.0000     47.0000     32.0000    -28.0000
  -19.0000     18.0000    -19.0000     -0.0000    -31.0000    -44.0000    -31.0000     27.0000
   20.0000    -19.0000     21.0000     -0.5774     32.0000     47.0000     33.0000    -28.0000
   -0.5774     -0.0000      0.5774     40.4338     48.1769     -0.0000    -48.1769     -0.0000
  -33.0000     31.0000    -32.0000     48.1769     38.0000    -11.4449     35.0000    -37.0000
  -47.0000     44.0000    -47.0000     -0.0000    -11.4449    -17.3013    -11.4449    -58.0000
  -32.0000     31.0000    -33.0000    -48.1769     35.0000    -11.4449     38.0000    -37.0000
   28.0000    -27.0000     28.0000      0.0000    -37.0000    -58.0000    -37.0000     30.0000
 Dm (8 x 8):
         0      1.0000           0           0           0           0           0           0
         0           0     -1.0000           0           0           0           0           0
   -1.0000           0           0           0           0           0           0           0
         0           0           0     -0.5000           0      0.8660           0           0
         0           0           0           0           0           0     -1.0000           0
         0           0           0     -0.8660           0     -0.5000           0           0
         0           0           0           0           0           0           0      1.0000
         0           0           0           0     -1.0000           0           0           0
 Dn (8 x 8):
         0      1.0000           0           0           0           0           0           0
         0           0     -1.0000           0           0           0           0           0
   -1.0000           0           0           0           0           0           0           0
         0           0           0     -0.5000           0      0.8660           0           0
         0           0           0           0           0           0     -1.0000           0
         0           0           0     -0.8660           0     -0.5000           0           0
         0           0           0           0           0           0           0      1.0000
         0           0           0           0     -1.0000           0           0           0
 -------------------------------------------------------------------------------
 primitive indices:
         1           1
 irreducible indices:
         1           1
 R-R' [cart]:
   -2.8751      0.0000      2.8751
 matrix elements (8 x 8):
   21.0000    -20.0000     19.0000    -40.4145     28.0000    -24.0000     32.0000    -33.0000
  -20.0000     21.0000    -19.0000     40.9919    -28.0000     23.0000    -33.0000     32.0000
   19.0000    -19.0000     18.0000    -38.1051     27.0000    -22.0000     31.0000    -31.0000
   40.4145    -40.9919     38.1051     -2.8675    -50.2295    -25.0000    -14.1769    -34.0000
  -28.0000     28.0000    -27.0000    -50.2295     30.0000    -29.0000     37.0000    -37.0000
   24.0000    -23.0000     22.0000    -25.0000    -29.0000     26.0000     47.4449     36.0000
  -32.0000     33.0000    -31.0000    -14.1769     37.0000     47.4449     38.0000    -35.0000
   33.0000    -32.0000     31.0000    -34.0000    -37.0000     36.0000    -35.0000     38.0000
 Dm (8 x 8):
         0           0     -1.0000           0           0           0           0           0
   -1.0000           0           0           0           0           0           0           0
         0      1.0000           0           0           0           0           0           0
         0           0           0     -0.5000           0     -0.8660           0           0
         0           0           0           0           0           0           0      1.0000
         0           0           0      0.8660           0     -0.5000           0           0
         0           0           0           0     -1.0000           0           0           0
         0           0           0           0           0           0     -1.0000           0
 Dn (8 x 8):
         0           0     -1.0000           0           0           0           0           0
   -1.0000           0           0           0           0           0           0           0
         0      1.0000           0           0           0           0           0           0
         0           0           0     -0.5000           0     -0.8660           0           0
         0           0           0           0           0           0           0      1.0000
         0           0           0      0.8660           0     -0.5000           0           0
         0           0           0           0     -1.0000           0           0           0
         0           0           0           0           0           0     -1.0000           0
 -------------------------------------------------------------------------------
 primitive indices:
         1           1
 irreducible indices:
         1           1
 R-R' [cart]:
   -2.8751      2.8751      0.0000
 matrix elements (8 x 8):
   21.0000     19.0000    -20.0000      0.5774    -33.0000     47.0000     32.0000     28.0000
   19.0000     18.0000    -19.0000      0.0000    -31.0000     44.0000     31.0000     27.0000
  -20.0000    -19.0000     21.0000      0.5774     32.0000    -47.0000    -33.0000    -28.0000
   -0.5774      0.0000     -0.5774     40.4338    -48.1769     -0.0000    -48.1769      0.0000
   33.0000     31.0000    -32.0000    -48.1769     38.0000     11.4449    -35.0000    -37.0000
  -47.0000    -44.0000     47.0000     -0.0000     11.4449    -17.3013    -11.4449     58.0000
  -32.0000    -31.0000     33.0000    -48.1769    -35.0000    -11.4449     38.0000     37.0000
  -28.0000    -27.0000     28.0000     -0.0000    -37.0000     58.0000     37.0000     30.0000
 Dm (8 x 8):
         0     -1.0000           0           0           0           0           0           0
         0           0      1.0000           0           0           0           0           0
   -1.0000           0           0           0           0           0           0           0
         0           0           0     -0.5000           0      0.8660           0           0
         0           0           0           0           0           0     -1.0000           0
         0           0           0     -0.8660           0     -0.5000           0           0
         0           0           0           0           0           0           0     -1.0000
         0           0           0           0      1.0000           0           0           0
 Dn (8 x 8):
         0     -1.0000           0           0           0           0           0           0
         0           0      1.0000           0           0           0           0           0
   -1.0000           0           0           0           0           0           0           0
         0           0           0     -0.5000           0      0.8660           0           0
         0           0           0           0           0           0     -1.0000           0
         0           0           0     -0.8660           0     -0.5000           0           0
         0           0           0           0           0           0           0     -1.0000
         0           0           0           0      1.0000           0           0           0
 -------------------------------------------------------------------------------
 primitive indices:
         1           1
 irreducible indices:
         1           1
 R-R' [cart]:
    0.0000     -2.8751     -2.8751
 matrix elements (8 x 8):
   18.0000    -19.0000    -19.0000    -38.1051    -31.0000     22.0000     27.0000    -31.0000
  -19.0000     21.0000     20.0000     40.9919     33.0000    -23.0000    -28.0000     32.0000
  -19.0000     20.0000     21.0000     40.4145     32.0000    -24.0000    -28.0000     33.0000
   38.1051    -40.9919    -40.4145     -2.8675     14.1769     25.0000    -50.2295    -34.0000
   31.0000    -33.0000    -32.0000     14.1769     38.0000     47.4449    -37.0000     35.0000
  -22.0000     23.0000     24.0000     25.0000     47.4449     26.0000     29.0000    -36.0000
  -27.0000     28.0000     28.0000    -50.2295    -37.0000     29.0000     30.0000    -37.0000
   31.0000    -32.0000    -33.0000    -34.0000     35.0000    -36.0000    -37.0000     38.0000
 Dm (8 x 8):
    1.0000           0           0           0           0           0           0           0
         0     -1.0000           0           0           0           0           0           0
         0           0     -1.0000           0           0           0           0           0
         0           0           0      1.0000           0           0           0           0
         0           0           0           0     -1.0000           0           0           0
         0           0           0           0           0      1.0000           0           0
         0           0           0           0           0           0      1.0000           0
         0           0           0           0           0           0           0     -1.0000
 Dn (8 x 8):
    1.0000           0           0           0           0           0           0           0
         0     -1.0000           0           0           0           0           0           0
         0           0     -1.0000           0           0           0           0           0
         0           0           0      1.0000           0           0           0           0
         0           0           0           0     -1.0000           0           0           0
         0           0           0           0           0      1.0000           0           0
         0           0           0           0           0           0      1.0000           0
         0           0           0           0           0           0           0     -1.0000
 -------------------------------------------------------------------------------
 primitive indices:
         1           1
 irreducible indices:
         1           1
 R-R' [cart]:
   -2.8751      0.0000     -2.8751
 matrix elements (8 x 8):
   21.0000    -20.0000    -19.0000     40.4145    -28.0000     24.0000     32.0000    -33.0000
  -20.0000     21.0000     19.0000    -40.9919     28.0000    -23.0000    -33.0000     32.0000
  -19.0000     19.0000     18.0000    -38.1051     27.0000    -22.0000    -31.0000     31.0000
  -40.4145     40.9919     38.1051     -2.8675    -50.2295    -25.0000     14.1769     34.0000
   28.0000    -28.0000    -27.0000    -50.2295     30.0000    -29.0000    -37.0000     37.0000
  -24.0000     23.0000     22.0000    -25.0000    -29.0000     26.0000    -47.4449    -36.0000
  -32.0000     33.0000     31.0000     14.1769    -37.0000    -47.4449     38.0000    -35.0000
   33.0000    -32.0000    -31.0000     34.0000     37.0000    -36.0000    -35.0000     38.0000
 Dm (8 x 8):
         0           0     -1.0000           0           0           0           0           0
    1.0000           0           0           0           0           0           0           0
         0     -1.0000           0           0           0           0           0           0
         0           0           0     -0.5000           0     -0.8660           0           0
         0           0           0           0           0           0           0     -1.0000
         0           0           0      0.8660           0     -0.5000           0           0
         0           0           0           0     -1.0000           0           0           0
