           4           4          24
      1.0000000000000000        0.0000000000000000        0.0000000000000000        0.0000000000000000
      0.0000000000000000        1.0000000000000000        0.0000000000000000        0.0000000000000000
      0.0000000000000000        0.0000000000000000        1.0000000000000000        0.0000000000000000
      0.0000000000000000        0.0000000000000000        0.0000000000000000        1.0000000000000000
     -1.0000000000000000        0.0000000000000000        0.0000000000000000        0.0000000000000000
      0.0000000000000000       -1.0000000000000000        0.0000000000000000        0.0000000000000000
      0.0000000000000000        0.0000000000000000        1.0000000000000000        6.1940810570999938
      0.0000000000000000        0.0000000000000000        0.0000000000000000        1.0000000000000000
     -0.5000000000000000        0.8660254037844390        0.0000000000000000        0.0000000000000000
      0.8660254037844390        0.5000000000000000        0.0000000000000000        0.0000000000000000
      0.0000000000000000        0.0000000000000000       -1.0000000000000000        0.0000000000000000
      0.0000000000000000        0.0000000000000000        0.0000000000000000        1.0000000000000000
      1.0000000000000000        0.0000000000000000        0.0000000000000000        0.0000000000000000
      0.0000000000000000       -1.0000000000000000        0.0000000000000000        0.0000000000000000
      0.0000000000000000        0.0000000000000000       -1.0000000000000000        0.0000000000000000
      0.0000000000000000        0.0000000000000000        0.0000000000000000        1.0000000000000000
     -0.5000000000000000       -0.8660254037844390        0.0000000000000000        0.0000000000000000
     -0.8660254037844390        0.5000000000000000        0.0000000000000000        0.0000000000000000
      0.0000000000000000        0.0000000000000000       -1.0000000000000000        0.0000000000000000
      0.0000000000000000        0.0000000000000000        0.0000000000000000        1.0000000000000000
     -1.0000000000000000        0.0000000000000000        0.0000000000000000        0.0000000000000000
      0.0000000000000000        1.0000000000000000        0.0000000000000000        0.0000000000000000
      0.0000000000000000        0.0000000000000000       -1.0000000000000000        6.1940810570999938
      0.0000000000000000        0.0000000000000000        0.0000000000000000        1.0000000000000000
      0.5000000000000000       -0.8660254037844390        0.0000000000000000        0.0000000000000000
     -0.8660254037844390       -0.5000000000000000        0.0000000000000000        0.0000000000000000
      0.0000000000000000        0.0000000000000000       -1.0000000000000000        6.1940810570999938
      0.0000000000000000        0.0000000000000000        0.0000000000000000        1.0000000000000000
      0.5000000000000000        0.8660254037844390        0.0000000000000000        0.0000000000000000
      0.8660254037844390       -0.5000000000000000        0.0000000000000000        0.0000000000000000
      0.0000000000000000        0.0000000000000000       -1.0000000000000000        6.1940810570999938
      0.0000000000000000        0.0000000000000000        0.0000000000000000        1.0000000000000000
     -0.5000000000000000        0.8660254037844390        0.0000000000000000        0.0000000000000000
     -0.8660254037844390       -0.5000000000000000        0.0000000000000000        0.0000000000000000
      0.0000000000000000        0.0000000000000000        1.0000000000000000        0.0000000000000000
      0.0000000000000000        0.0000000000000000        0.0000000000000000        1.0000000000000000
     -0.5000000000000000       -0.8660254037844390        0.0000000000000000        0.0000000000000000
      0.8660254037844390       -0.5000000000000000        0.0000000000000000        0.0000000000000000
      0.0000000000000000        0.0000000000000000        1.0000000000000000        0.0000000000000000
      0.0000000000000000        0.0000000000000000        0.0000000000000000        1.0000000000000000
      0.5000000000000000        0.8660254037844390        0.0000000000000000        0.0000000000000000
     -0.8660254037844390        0.5000000000000000        0.0000000000000000        0.0000000000000000
      0.0000000000000000        0.0000000000000000        1.0000000000000000        6.1940810570999938
      0.0000000000000000        0.0000000000000000        0.0000000000000000        1.0000000000000000
      0.5000000000000000       -0.8660254037844390        0.0000000000000000        0.0000000000000000
      0.8660254037844390        0.5000000000000000        0.0000000000000000        0.0000000000000000
      0.0000000000000000        0.0000000000000000        1.0000000000000000        6.1940810570999938
      0.0000000000000000        0.0000000000000000        0.0000000000000000        1.0000000000000000
     -1.0000000000000000        0.0000000000000000        0.0000000000000000        0.0000000000000000
      0.0000000000000000       -1.0000000000000000        0.0000000000000000        0.0000000000000000
      0.0000000000000000        0.0000000000000000       -1.0000000000000000        0.0000000000000000
      0.0000000000000000        0.0000000000000000        0.0000000000000000        1.0000000000000000
      1.0000000000000000        0.0000000000000000        0.0000000000000000        0.0000000000000000
      0.0000000000000000        1.0000000000000000        0.0000000000000000        0.0000000000000000
      0.0000000000000000        0.0000000000000000       -1.0000000000000000        6.1940810570999938
      0.0000000000000000        0.0000000000000000        0.0000000000000000        1.0000000000000000
     -1.0000000000000000        0.0000000000000000        0.0000000000000000        0.0000000000000000
      0.0000000000000000        1.0000000000000000        0.0000000000000000        0.0000000000000000
      0.0000000000000000        0.0000000000000000        1.0000000000000000        0.0000000000000000
      0.0000000000000000        0.0000000000000000        0.0000000000000000        1.0000000000000000
      0.5000000000000000       -0.8660254037844390        0.0000000000000000        0.0000000000000000
     -0.8660254037844390       -0.5000000000000000        0.0000000000000000        0.0000000000000000
      0.0000000000000000        0.0000000000000000        1.0000000000000000        0.0000000000000000
      0.0000000000000000        0.0000000000000000        0.0000000000000000        1.0000000000000000
      0.5000000000000000        0.8660254037844390        0.0000000000000000        0.0000000000000000
      0.8660254037844390       -0.5000000000000000        0.0000000000000000        0.0000000000000000
      0.0000000000000000        0.0000000000000000        1.0000000000000000        0.0000000000000000
      0.0000000000000000        0.0000000000000000        0.0000000000000000        1.0000000000000000
     -0.5000000000000000       -0.8660254037844390        0.0000000000000000        0.0000000000000000
     -0.8660254037844390        0.5000000000000000        0.0000000000000000        0.0000000000000000
      0.0000000000000000        0.0000000000000000        1.0000000000000000        6.1940810570999938
      0.0000000000000000        0.0000000000000000        0.0000000000000000        1.0000000000000000
     -0.5000000000000000        0.8660254037844390        0.0000000000000000        0.0000000000000000
      0.8660254037844390        0.5000000000000000        0.0000000000000000        0.0000000000000000
      0.0000000000000000        0.0000000000000000        1.0000000000000000        6.1940810570999938
      0.0000000000000000        0.0000000000000000        0.0000000000000000        1.0000000000000000
      1.0000000000000000        0.0000000000000000        0.0000000000000000        0.0000000000000000
      0.0000000000000000       -1.0000000000000000        0.0000000000000000        0.0000000000000000
      0.0000000000000000        0.0000000000000000        1.0000000000000000        6.1940810570999938
      0.0000000000000000        0.0000000000000000        0.0000000000000000        1.0000000000000000
      0.5000000000000000        0.8660254037844390        0.0000000000000000        0.0000000000000000
     -0.8660254037844390        0.5000000000000000        0.0000000000000000        0.0000000000000000
      0.0000000000000000        0.0000000000000000       -1.0000000000000000        0.0000000000000000
      0.0000000000000000        0.0000000000000000        0.0000000000000000        1.0000000000000000
      0.5000000000000000       -0.8660254037844390        0.0000000000000000        0.0000000000000000
      0.8660254037844390        0.5000000000000000        0.0000000000000000        0.0000000000000000
      0.0000000000000000        0.0000000000000000       -1.0000000000000000        0.0000000000000000
      0.0000000000000000        0.0000000000000000        0.0000000000000000        1.0000000000000000
     -0.5000000000000000        0.8660254037844390        0.0000000000000000        0.0000000000000000
     -0.8660254037844390       -0.5000000000000000        0.0000000000000000        0.0000000000000000
      0.0000000000000000        0.0000000000000000       -1.0000000000000000        6.1940810570999938
      0.0000000000000000        0.0000000000000000        0.0000000000000000        1.0000000000000000
     -0.5000000000000000       -0.8660254037844390        0.0000000000000000        0.0000000000000000
      0.8660254037844390       -0.5000000000000000        0.0000000000000000        0.0000000000000000
      0.0000000000000000        0.0000000000000000       -1.0000000000000000        6.1940810570999938
      0.0000000000000000        0.0000000000000000        0.0000000000000000        1.0000000000000000
