4 primitive shells
1 6 subregion start
5 10 subregion end
==============================================================================================================================================================
                                                                           1 shell                                                                            
1 primitive m
1 primitive n
1 atoms in shell
                                  0.00000 0.00000 0.00000 [cart.]                                 
      4.2959732197       -0.1318817182        0.0000000000        0.0000000000        0.0000000000
     -0.1318817182       10.0586777328        0.0000000000        0.0000000000        0.0000000000
      0.0000000000        0.0000000000        7.2836571200        0.0000000000        0.0000000000
      0.0000000000        0.0000000000        0.0000000000        7.2836571200        0.0000000000
      0.0000000000        0.0000000000        0.0000000000        0.0000000000        7.2836571200
==============================================================================================================================================================
                                                                           2 shell                                                                            
1 primitive m
2 primitive n
4 atoms in shell
                                 1.35750 -1.35750 -1.35750 [cart.]                                
     -2.2948594796       -0.0477369041       -1.8887768570        1.8887768570        1.8887768570
     -0.0477369041        0.6570841875       -1.9975163112        1.9975163112        1.9975163112
      1.8887768570        1.9975163112        0.5879617551       -2.0796584406       -2.0796584406
     -1.8887768570       -1.9975163112       -2.0796584406        0.5879617551        2.0796584406
     -1.8887768570       -1.9975163112       -2.0796584406        2.0796584406        0.5879617551
                                 -1.35750 1.35750 -1.35750 [cart.]                                
     -2.2948594796       -0.0477369041        1.8887768570       -1.8887768570        1.8887768570
     -0.0477369041        0.6570841875        1.9975163112       -1.9975163112        1.9975163112
     -1.8887768570       -1.9975163112        0.5879617551       -2.0796584406        2.0796584406
      1.8887768570        1.9975163112       -2.0796584406        0.5879617551       -2.0796584406
     -1.8887768570       -1.9975163112        2.0796584406       -2.0796584406        0.5879617551
                                 -1.35750 -1.35750 1.35750 [cart.]                                
     -2.2948594796       -0.0477369041        1.8887768570        1.8887768570       -1.8887768570
     -0.0477369041        0.6570841875        1.9975163112        1.9975163112       -1.9975163112
     -1.8887768570       -1.9975163112        0.5879617551        2.0796584406       -2.0796584406
     -1.8887768570       -1.9975163112        2.0796584406        0.5879617551       -2.0796584406
      1.8887768570        1.9975163112       -2.0796584406       -2.0796584406        0.5879617551
                                  1.35750 1.35750 1.35750 [cart.]                                 
     -2.2948594796       -0.0477369041       -1.8887768570       -1.8887768570       -1.8887768570
     -0.0477369041        0.6570841875       -1.9975163112       -1.9975163112       -1.9975163112
      1.8887768570        1.9975163112        0.5879617551        2.0796584406        2.0796584406
      1.8887768570        1.9975163112        2.0796584406        0.5879617551        2.0796584406
      1.8887768570        1.9975163112        2.0796584406        2.0796584406        0.5879617551
==============================================================================================================================================================
                                                                           3 shell                                                                            
2 primitive m
2 primitive n
1 atoms in shell
                                  0.00000 0.00000 0.00000 [cart.]                                 
      4.2959732197       -0.1318817182        0.0000000000        0.0000000000        0.0000000000
     -0.1318817182       10.0586777328        0.0000000000        0.0000000000        0.0000000000
      0.0000000000        0.0000000000        7.2836571200        0.0000000000        0.0000000000
      0.0000000000        0.0000000000        0.0000000000        7.2836571200        0.0000000000
      0.0000000000        0.0000000000        0.0000000000        0.0000000000        7.2836571200
==============================================================================================================================================================
                                                                           4 shell                                                                            
2 primitive m
1 primitive n
4 atoms in shell
                                 -1.35750 1.35750 1.35750 [cart.]                                 
     -2.2948594796       -0.0477369041        1.8887768570       -1.8887768570       -1.8887768570
     -0.0477369041        0.6570841875        1.9975163112       -1.9975163112       -1.9975163112
     -1.8887768570       -1.9975163112        0.5879617551       -2.0796584406       -2.0796584406
      1.8887768570        1.9975163112       -2.0796584406        0.5879617551        2.0796584406
      1.8887768570        1.9975163112       -2.0796584406        2.0796584406        0.5879617551
                                 1.35750 -1.35750 1.35750 [cart.]                                 
     -2.2948594796       -0.0477369041       -1.8887768570        1.8887768570       -1.8887768570
     -0.0477369041        0.6570841875       -1.9975163112        1.9975163112       -1.9975163112
      1.8887768570        1.9975163112        0.5879617551       -2.0796584406        2.0796584406
     -1.8887768570       -1.9975163112       -2.0796584406        0.5879617551       -2.0796584406
      1.8887768570        1.9975163112        2.0796584406       -2.0796584406        0.5879617551
                                 1.35750 1.35750 -1.35750 [cart.]                                 
     -2.2948594796       -0.0477369041       -1.8887768570       -1.8887768570        1.8887768570
     -0.0477369041        0.6570841875       -1.9975163112       -1.9975163112        1.9975163112
      1.8887768570        1.9975163112        0.5879617551        2.0796584406       -2.0796584406
      1.8887768570        1.9975163112        2.0796584406        0.5879617551       -2.0796584406
     -1.8887768570       -1.9975163112       -2.0796584406       -2.0796584406        0.5879617551
                                -1.35750 -1.35750 -1.35750 [cart.]                                
     -2.2948594796       -0.0477369041        1.8887768570        1.8887768570        1.8887768570
     -0.0477369041        0.6570841875        1.9975163112        1.9975163112        1.9975163112
     -1.8887768570       -1.9975163112        0.5879617551        2.0796584406        2.0796584406
     -1.8887768570       -1.9975163112        2.0796584406        0.5879617551        2.0796584406
     -1.8887768570       -1.9975163112        2.0796584406        2.0796584406        0.5879617551
