24 symmetries
4 dimensions
                                   1 [cart.]                                  
------------------------------------------------------------------------------
      1.0000000000        0.0000000000        0.0000000000        0.0000000000
      0.0000000000        1.0000000000        0.0000000000        0.0000000000
      0.0000000000        0.0000000000        1.0000000000        0.0000000000
      0.0000000000        0.0000000000        0.0000000000        1.0000000000
                                   2 [cart.]                                  
------------------------------------------------------------------------------
     -1.0000000000        0.0000000000        0.0000000000        0.0000000000
      0.0000000000       -1.0000000000        0.0000000000        0.0000000000
      0.0000000000        0.0000000000        1.0000000000        6.1940810571
      0.0000000000        0.0000000000        0.0000000000        1.0000000000
                                   3 [cart.]                                  
------------------------------------------------------------------------------
     -1.0000000000        0.0000000000        0.0000000000        0.0000000000
      0.0000000000        1.0000000000        0.0000000000        0.0000000000
      0.0000000000        0.0000000000       -1.0000000000        6.1940810571
      0.0000000000        0.0000000000        0.0000000000        1.0000000000
                                   4 [cart.]                                  
------------------------------------------------------------------------------
      0.5000000000       -0.8660254038        0.0000000000        0.0000000000
     -0.8660254038       -0.5000000000        0.0000000000        0.0000000000
      0.0000000000        0.0000000000       -1.0000000000        6.1940810571
      0.0000000000        0.0000000000        0.0000000000        1.0000000000
                                   5 [cart.]                                  
------------------------------------------------------------------------------
      0.5000000000        0.8660254038        0.0000000000        0.0000000000
      0.8660254038       -0.5000000000        0.0000000000        0.0000000000
      0.0000000000        0.0000000000       -1.0000000000        6.1940810571
      0.0000000000        0.0000000000        0.0000000000        1.0000000000
                                   6 [cart.]                                  
------------------------------------------------------------------------------
     -0.5000000000        0.8660254038        0.0000000000        0.0000000000
      0.8660254038        0.5000000000        0.0000000000        0.0000000000
      0.0000000000        0.0000000000       -1.0000000000        0.0000000000
      0.0000000000        0.0000000000        0.0000000000        1.0000000000
                                   7 [cart.]                                  
------------------------------------------------------------------------------
      1.0000000000        0.0000000000        0.0000000000        0.0000000000
      0.0000000000       -1.0000000000        0.0000000000        0.0000000000
      0.0000000000        0.0000000000       -1.0000000000        0.0000000000
      0.0000000000        0.0000000000        0.0000000000        1.0000000000
                                   8 [cart.]                                  
------------------------------------------------------------------------------
     -0.5000000000       -0.8660254038        0.0000000000        0.0000000000
     -0.8660254038        0.5000000000        0.0000000000        0.0000000000
      0.0000000000        0.0000000000       -1.0000000000        0.0000000000
      0.0000000000        0.0000000000        0.0000000000        1.0000000000
                                   9 [cart.]                                  
------------------------------------------------------------------------------
     -0.5000000000        0.8660254038        0.0000000000        0.0000000000
     -0.8660254038       -0.5000000000        0.0000000000        0.0000000000
      0.0000000000        0.0000000000        1.0000000000        0.0000000000
      0.0000000000        0.0000000000        0.0000000000        1.0000000000
                                  10 [cart.]                                  
------------------------------------------------------------------------------
     -0.5000000000       -0.8660254038        0.0000000000        0.0000000000
      0.8660254038       -0.5000000000        0.0000000000        0.0000000000
      0.0000000000        0.0000000000        1.0000000000        0.0000000000
      0.0000000000        0.0000000000        0.0000000000        1.0000000000
                                  11 [cart.]                                  
------------------------------------------------------------------------------
      0.5000000000        0.8660254038        0.0000000000        0.0000000000
     -0.8660254038        0.5000000000        0.0000000000        0.0000000000
      0.0000000000        0.0000000000        1.0000000000        6.1940810571
      0.0000000000        0.0000000000        0.0000000000        1.0000000000
                                  12 [cart.]                                  
------------------------------------------------------------------------------
      0.5000000000       -0.8660254038        0.0000000000        0.0000000000
      0.8660254038        0.5000000000        0.0000000000        0.0000000000
      0.0000000000        0.0000000000        1.0000000000        6.1940810571
      0.0000000000        0.0000000000        0.0000000000        1.0000000000
                                  13 [cart.]                                  
------------------------------------------------------------------------------
     -1.0000000000        0.0000000000        0.0000000000        0.0000000000
      0.0000000000       -1.0000000000        0.0000000000        0.0000000000
      0.0000000000        0.0000000000       -1.0000000000        0.0000000000
      0.0000000000        0.0000000000        0.0000000000        1.0000000000
                                  14 [cart.]                                  
------------------------------------------------------------------------------
      1.0000000000        0.0000000000        0.0000000000        0.0000000000
      0.0000000000        1.0000000000        0.0000000000        0.0000000000
      0.0000000000        0.0000000000       -1.0000000000        6.1940810571
      0.0000000000        0.0000000000        0.0000000000        1.0000000000
                                  15 [cart.]                                  
------------------------------------------------------------------------------
     -0.5000000000       -0.8660254038        0.0000000000        0.0000000000
     -0.8660254038        0.5000000000        0.0000000000        0.0000000000
      0.0000000000        0.0000000000        1.0000000000        6.1940810571
      0.0000000000        0.0000000000        0.0000000000        1.0000000000
                                  16 [cart.]                                  
------------------------------------------------------------------------------
     -0.5000000000        0.8660254038        0.0000000000        0.0000000000
      0.8660254038        0.5000000000        0.0000000000        0.0000000000
      0.0000000000        0.0000000000        1.0000000000        6.1940810571
      0.0000000000        0.0000000000        0.0000000000        1.0000000000
                                  17 [cart.]                                  
------------------------------------------------------------------------------
      1.0000000000        0.0000000000        0.0000000000        0.0000000000
      0.0000000000       -1.0000000000        0.0000000000        0.0000000000
      0.0000000000        0.0000000000        1.0000000000        6.1940810571
      0.0000000000        0.0000000000        0.0000000000        1.0000000000
                                  18 [cart.]                                  
------------------------------------------------------------------------------
     -1.0000000000        0.0000000000        0.0000000000        0.0000000000
      0.0000000000        1.0000000000        0.0000000000        0.0000000000
      0.0000000000        0.0000000000        1.0000000000        0.0000000000
      0.0000000000        0.0000000000        0.0000000000        1.0000000000
                                  19 [cart.]                                  
------------------------------------------------------------------------------
      0.5000000000       -0.8660254038        0.0000000000        0.0000000000
     -0.8660254038       -0.5000000000        0.0000000000        0.0000000000
      0.0000000000        0.0000000000        1.0000000000        0.0000000000
      0.0000000000        0.0000000000        0.0000000000        1.0000000000
                                  20 [cart.]                                  
------------------------------------------------------------------------------
      0.5000000000        0.8660254038        0.0000000000        0.0000000000
      0.8660254038       -0.5000000000        0.0000000000        0.0000000000
      0.0000000000        0.0000000000        1.0000000000        0.0000000000
      0.0000000000        0.0000000000        0.0000000000        1.0000000000
                                  21 [cart.]                                  
------------------------------------------------------------------------------
      0.5000000000        0.8660254038        0.0000000000        0.0000000000
     -0.8660254038        0.5000000000        0.0000000000        0.0000000000
      0.0000000000        0.0000000000       -1.0000000000        0.0000000000
      0.0000000000        0.0000000000        0.0000000000        1.0000000000
                                  22 [cart.]                                  
------------------------------------------------------------------------------
      0.5000000000       -0.8660254038        0.0000000000        0.0000000000
      0.8660254038        0.5000000000        0.0000000000        0.0000000000
      0.0000000000        0.0000000000       -1.0000000000        0.0000000000
      0.0000000000        0.0000000000        0.0000000000        1.0000000000
                                  23 [cart.]                                  
------------------------------------------------------------------------------
     -0.5000000000        0.8660254038        0.0000000000        0.0000000000
     -0.8660254038       -0.5000000000        0.0000000000        0.0000000000
      0.0000000000        0.0000000000       -1.0000000000        6.1940810571
      0.0000000000        0.0000000000        0.0000000000        1.0000000000
                                  24 [cart.]                                  
------------------------------------------------------------------------------
     -0.5000000000       -0.8660254038        0.0000000000        0.0000000000
      0.8660254038       -0.5000000000        0.0000000000        0.0000000000
      0.0000000000        0.0000000000       -1.0000000000        6.1940810571
      0.0000000000        0.0000000000        0.0000000000        1.0000000000
                                   1 [frac.]                                  
------------------------------------------------------------------------------
      1.0000000000        0.0000000000        0.0000000000        0.0000000000
      0.0000000000        1.0000000000        0.0000000000        0.0000000000
      0.0000000000        0.0000000000        1.0000000000        0.0000000000
      0.0000000000        0.0000000000        0.0000000000        1.0000000000
                                   2 [frac.]                                  
------------------------------------------------------------------------------
     -1.0000000000        0.0000000000        0.0000000000        0.0000000000
      0.0000000000       -1.0000000000        0.0000000000        0.0000000000
      0.0000000000        0.0000000000        1.0000000000        0.5000000000
      0.0000000000        0.0000000000        0.0000000000        1.0000000000
                                   3 [frac.]                                  
------------------------------------------------------------------------------
     -1.0000000000        1.0000000000        0.0000000000        0.0000000000
      0.0000000000        1.0000000000        0.0000000000        0.0000000000
      0.0000000000        0.0000000000       -1.0000000000        0.5000000000
      0.0000000000        0.0000000000        0.0000000000        1.0000000000
                                   4 [frac.]                                  
------------------------------------------------------------------------------
      0.0000000000       -1.0000000000        0.0000000000        0.0000000000
     -1.0000000000        0.0000000000        0.0000000000        0.0000000000
      0.0000000000        0.0000000000       -1.0000000000        0.5000000000
      0.0000000000        0.0000000000        0.0000000000        1.0000000000
                                   5 [frac.]                                  
------------------------------------------------------------------------------
      1.0000000000        0.0000000000        0.0000000000        0.0000000000
      1.0000000000       -1.0000000000        0.0000000000        0.0000000000
      0.0000000000        0.0000000000       -1.0000000000        0.5000000000
      0.0000000000        0.0000000000        0.0000000000        1.0000000000
                                   6 [frac.]                                  
------------------------------------------------------------------------------
      0.0000000000        1.0000000000        0.0000000000        0.0000000000
      1.0000000000        0.0000000000        0.0000000000        0.0000000000
      0.0000000000        0.0000000000       -1.0000000000        0.0000000000
      0.0000000000        0.0000000000        0.0000000000        1.0000000000
                                   7 [frac.]                                  
------------------------------------------------------------------------------
      1.0000000000       -1.0000000000        0.0000000000        0.0000000000
      0.0000000000       -1.0000000000        0.0000000000        0.0000000000
      0.0000000000        0.0000000000       -1.0000000000        0.0000000000
      0.0000000000        0.0000000000        0.0000000000        1.0000000000
                                   8 [frac.]                                  
------------------------------------------------------------------------------
     -1.0000000000        0.0000000000        0.0000000000        0.0000000000
     -1.0000000000        1.0000000000        0.0000000000        0.0000000000
      0.0000000000        0.0000000000       -1.0000000000        0.0000000000
      0.0000000000        0.0000000000        0.0000000000        1.0000000000
                                   9 [frac.]                                  
------------------------------------------------------------------------------
     -1.0000000000        1.0000000000        0.0000000000        0.0000000000
     -1.0000000000        0.0000000000        0.0000000000        0.0000000000
      0.0000000000        0.0000000000        1.0000000000        0.0000000000
      0.0000000000        0.0000000000        0.0000000000        1.0000000000
                                  10 [frac.]                                  
------------------------------------------------------------------------------
      0.0000000000       -1.0000000000        0.0000000000        0.0000000000
      1.0000000000       -1.0000000000        0.0000000000        0.0000000000
      0.0000000000        0.0000000000        1.0000000000        0.0000000000
      0.0000000000        0.0000000000        0.0000000000        1.0000000000
                                  11 [frac.]                                  
------------------------------------------------------------------------------
      0.0000000000        1.0000000000        0.0000000000        0.0000000000
     -1.0000000000        1.0000000000        0.0000000000        0.0000000000
      0.0000000000        0.0000000000        1.0000000000        0.5000000000
      0.0000000000        0.0000000000        0.0000000000        1.0000000000
                                  12 [frac.]                                  
------------------------------------------------------------------------------
      1.0000000000       -1.0000000000        0.0000000000        0.0000000000
      1.0000000000        0.0000000000        0.0000000000        0.0000000000
      0.0000000000        0.0000000000        1.0000000000        0.5000000000
      0.0000000000        0.0000000000        0.0000000000        1.0000000000
                                  13 [frac.]                                  
------------------------------------------------------------------------------
     -1.0000000000        0.0000000000        0.0000000000        0.0000000000
      0.0000000000       -1.0000000000        0.0000000000        0.0000000000
      0.0000000000        0.0000000000       -1.0000000000        0.0000000000
      0.0000000000        0.0000000000        0.0000000000        1.0000000000
                                  14 [frac.]                                  
------------------------------------------------------------------------------
      1.0000000000        0.0000000000        0.0000000000        0.0000000000
      0.0000000000        1.0000000000        0.0000000000        0.0000000000
      0.0000000000        0.0000000000       -1.0000000000        0.5000000000
      0.0000000000        0.0000000000        0.0000000000        1.0000000000
                                  15 [frac.]                                  
------------------------------------------------------------------------------
     -1.0000000000        0.0000000000        0.0000000000        0.0000000000
     -1.0000000000        1.0000000000        0.0000000000        0.0000000000
      0.0000000000        0.0000000000        1.0000000000        0.5000000000
      0.0000000000        0.0000000000        0.0000000000        1.0000000000
                                  16 [frac.]                                  
------------------------------------------------------------------------------
      0.0000000000        1.0000000000        0.0000000000        0.0000000000
      1.0000000000        0.0000000000        0.0000000000        0.0000000000
      0.0000000000        0.0000000000        1.0000000000        0.5000000000
      0.0000000000        0.0000000000        0.0000000000        1.0000000000
                                  17 [frac.]                                  
------------------------------------------------------------------------------
      1.0000000000       -1.0000000000        0.0000000000        0.0000000000
      0.0000000000       -1.0000000000        0.0000000000        0.0000000000
      0.0000000000        0.0000000000        1.0000000000        0.5000000000
      0.0000000000        0.0000000000        0.0000000000        1.0000000000
                                  18 [frac.]                                  
------------------------------------------------------------------------------
     -1.0000000000        1.0000000000        0.0000000000        0.0000000000
      0.0000000000        1.0000000000        0.0000000000        0.0000000000
      0.0000000000        0.0000000000        1.0000000000        0.0000000000
      0.0000000000        0.0000000000        0.0000000000        1.0000000000
                                  19 [frac.]                                  
------------------------------------------------------------------------------
      0.0000000000       -1.0000000000        0.0000000000        0.0000000000
     -1.0000000000        0.0000000000        0.0000000000        0.0000000000
      0.0000000000        0.0000000000        1.0000000000        0.0000000000
      0.0000000000        0.0000000000        0.0000000000        1.0000000000
                                  20 [frac.]                                  
------------------------------------------------------------------------------
      1.0000000000        0.0000000000        0.0000000000        0.0000000000
      1.0000000000       -1.0000000000        0.0000000000        0.0000000000
      0.0000000000        0.0000000000        1.0000000000        0.0000000000
      0.0000000000        0.0000000000        0.0000000000        1.0000000000
                                  21 [frac.]                                  
------------------------------------------------------------------------------
      0.0000000000        1.0000000000        0.0000000000        0.0000000000
     -1.0000000000        1.0000000000        0.0000000000        0.0000000000
      0.0000000000        0.0000000000       -1.0000000000        0.0000000000
      0.0000000000        0.0000000000        0.0000000000        1.0000000000
                                  22 [frac.]                                  
------------------------------------------------------------------------------
      1.0000000000       -1.0000000000        0.0000000000        0.0000000000
      1.0000000000        0.0000000000        0.0000000000        0.0000000000
      0.0000000000        0.0000000000       -1.0000000000        0.0000000000
      0.0000000000        0.0000000000        0.0000000000        1.0000000000
                                  23 [frac.]                                  
------------------------------------------------------------------------------
     -1.0000000000        1.0000000000        0.0000000000        0.0000000000
     -1.0000000000        0.0000000000        0.0000000000        0.0000000000
      0.0000000000        0.0000000000       -1.0000000000        0.5000000000
      0.0000000000        0.0000000000        0.0000000000        1.0000000000
                                  24 [frac.]                                  
------------------------------------------------------------------------------
      0.0000000000       -1.0000000000        0.0000000000        0.0000000000
      1.0000000000       -1.0000000000        0.0000000000        0.0000000000
      0.0000000000        0.0000000000       -1.0000000000        0.5000000000
      0.0000000000        0.0000000000        0.0000000000        1.0000000000
