function [a] = getV1(v)
a(3,3) = v(1);
a(1,1) = +1.00000*a(3,3);
a(2,2) = +1.00000*a(3,3);
a(2,1) = 0;
a(3,1) = 0;
a(1,2) = 0;
a(3,2) = 0;
a(1,3) = 0;
a(2,3) = 0;
end
